0.001000 1.000633
0.001009 1.000641
0.001019 1.000649
0.001028 1.000658
0.001038 1.000667
0.001047 1.000675
0.001057 1.000684
0.001067 1.000693
0.001076 1.000702
0.001086 1.000711
0.001096 1.000720
0.001107 1.000730
0.001117 1.000739
0.001127 1.000749
0.001138 1.000758
0.001148 1.000768
0.001159 1.000778
0.001169 1.000788
0.001180 1.000798
0.001191 1.000808
0.001202 1.000818
0.001213 1.000828
0.001225 1.000839
0.001236 1.000849
0.001247 1.000860
0.001259 1.000871
0.001271 1.000882
0.001282 1.000893
0.001294 1.000904
0.001306 1.000915
0.001318 1.000926
0.001330 1.000938
0.001343 1.000949
0.001355 1.000961
0.001368 1.000973
0.001380 1.000985
0.001393 1.000997
0.001406 1.001009
0.001419 1.001021
0.001432 1.001034
0.001445 1.001046
0.001459 1.001059
0.001472 1.001072
0.001486 1.001085
0.001500 1.001098
0.001514 1.001111
0.001528 1.001124
0.001542 1.001138
0.001556 1.001151
0.001570 1.001165
0.001585 1.001179
0.001600 1.001193
0.001614 1.001207
0.001629 1.001222
0.001644 1.001236
0.001660 1.001251
0.001675 1.001266
0.001690 1.001280
0.001706 1.001296
0.001722 1.001311
0.001738 1.001326
0.001754 1.001342
0.001770 1.001358
0.001786 1.001374
0.001803 1.001390
0.001820 1.001406
0.001837 1.001422
0.001854 1.001439
0.001871 1.001456
0.001888 1.001473
0.001905 1.001490
0.001923 1.001507
0.001941 1.001524
0.001959 1.001542
0.001977 1.001560
0.001995 1.001578
0.002014 1.001596
0.002032 1.001615
0.002051 1.001633
0.002070 1.001652
0.002089 1.001671
0.002109 1.001690
0.002128 1.001710
0.002148 1.001729
0.002168 1.001749
0.002188 1.001769
0.002208 1.001789
0.002228 1.001810
0.002249 1.001830
0.002270 1.001851
0.002291 1.001872
0.002312 1.001893
0.002333 1.001915
0.002355 1.001937
0.002377 1.001959
0.002399 1.001981
0.002421 1.002003
0.002443 1.002026
0.002466 1.002049
0.002489 1.002072
0.002512 1.002095
0.002535 1.002119
0.002559 1.002143
0.002582 1.002167
0.002606 1.002191
0.002630 1.002216
0.002655 1.002241
0.002679 1.002266
0.002704 1.002291
0.002729 1.002317
0.002754 1.002343
0.002780 1.002369
0.002805 1.002395
0.002831 1.002422
0.002858 1.002449
0.002884 1.002476
0.002911 1.002504
0.002938 1.002531
0.002965 1.002559
0.002992 1.002588
0.003020 1.002616
0.003048 1.002645
0.003076 1.002675
0.003105 1.002704
0.003133 1.002734
0.003162 1.002764
0.003192 1.002794
0.003221 1.002825
0.003251 1.002856
0.003281 1.002888
0.003311 1.002919
0.003342 1.002951
0.003373 1.002983
0.003404 1.003016
0.003436 1.003049
0.003467 1.003082
0.003499 1.003116
0.003532 1.003150
0.003565 1.003184
0.003597 1.003218
0.003631 1.003253
0.003664 1.003289
0.003698 1.003324
0.003733 1.003360
0.003767 1.003396
0.003802 1.003433
0.003837 1.003470
0.003873 1.003507
0.003908 1.003545
0.003945 1.003583
0.003981 1.003621
0.004018 1.003660
0.004055 1.003699
0.004093 1.003738
0.004130 1.003778
0.004169 1.003818
0.004207 1.003859
0.004246 1.003900
0.004285 1.003941
0.004325 1.003983
0.004365 1.004025
0.004406 1.004067
0.004446 1.004110
0.004487 1.004153
0.004529 1.004197
0.004571 1.004241
0.004613 1.004285
0.004656 1.004330
0.004699 1.004375
0.004742 1.004421
0.004786 1.004467
0.004831 1.004513
0.004875 1.004560
0.004920 1.004607
0.004966 1.004654
0.005012 1.004702
0.005058 1.004750
0.005105 1.004799
0.005152 1.004848
0.005200 1.004898
0.005248 1.004948
0.005297 1.004998
0.005346 1.005049
0.005395 1.005100
0.005445 1.005151
0.005495 1.005203
0.005546 1.005256
0.005598 1.005308
0.005649 1.005362
0.005702 1.005415
0.005754 1.005469
0.005808 1.005524
0.005861 1.005579
0.005916 1.005634
0.005970 1.005689
0.006026 1.005745
0.006081 1.005802
0.006138 1.005859
0.006194 1.005916
0.006252 1.005974
0.006310 1.006032
0.006368 1.006090
0.006427 1.006149
0.006486 1.006209
0.006546 1.006268
0.006607 1.006328
0.006668 1.006389
0.006730 1.006450
0.006792 1.006511
0.006855 1.006573
0.006918 1.006635
0.006982 1.006697
0.007047 1.006760
0.007112 1.006823
0.007178 1.006887
0.007244 1.006951
0.007311 1.007015
0.007379 1.007080
0.007447 1.007145
0.007516 1.007210
0.007586 1.007276
0.007656 1.007342
0.007727 1.007409
0.007798 1.007475
0.007870 1.007543
0.007943 1.007610
0.008017 1.007678
0.008091 1.007746
0.008166 1.007814
0.008241 1.007883
0.008318 1.007952
0.008395 1.008021
0.008472 1.008091
0.008551 1.008161
0.008630 1.008231
0.008710 1.008301
0.008790 1.008372
0.008872 1.008443
0.008954 1.008514
0.009036 1.008585
0.009120 1.008657
0.009204 1.008729
0.009290 1.008800
0.009376 1.008873
0.009462 1.008945
0.009550 1.009017
0.009638 1.009090
0.009727 1.009163
0.009817 1.009235
0.009908 1.009308
0.010000 1.009381
0.010093 1.009454
0.010186 1.009527
0.010280 1.009601
0.010375 1.009674
0.010471 1.009747
0.010568 1.009820
0.010666 1.009893
0.010765 1.009966
0.010864 1.010039
0.010965 1.010112
0.011066 1.010185
0.011169 1.010257
0.011272 1.010330
0.011376 1.010402
0.011482 1.010474
0.011588 1.010546
0.011695 1.010617
0.011803 1.010688
0.011912 1.010759
0.012023 1.010830
0.012134 1.010900
0.012246 1.010969
0.012359 1.011038
0.012474 1.011107
0.012589 1.011175
0.012706 1.011242
0.012823 1.011309
0.012942 1.011375
0.013062 1.011441
0.013183 1.011506
0.013305 1.011569
0.013428 1.011632
0.013552 1.011695
0.013677 1.011756
0.013804 1.011816
0.013932 1.011875
0.014060 1.011933
0.014191 1.011989
0.014322 1.012045
0.014454 1.012099
0.014588 1.012152
0.014723 1.012203
0.014859 1.012253
0.014997 1.012301
0.015136 1.012347
0.015276 1.012392
0.015417 1.012435
0.015560 1.012475
0.015704 1.012514
0.015849 1.012551
0.015996 1.012585
0.016144 1.012617
0.016293 1.012647
0.016444 1.012674
0.016596 1.012698
0.016749 1.012720
0.016904 1.012739
0.017061 1.012754
0.017219 1.012767
0.017378 1.012776
0.017539 1.012782
0.017701 1.012785
0.017865 1.012783
0.018030 1.012778
0.018197 1.012769
0.018365 1.012756
0.018535 1.012738
0.018707 1.012716
0.018880 1.012689
0.019055 1.012658
0.019231 1.012621
0.019409 1.012579
0.019588 1.012532
0.019770 1.012480
0.019953 1.012421
0.020137 1.012357
0.020324 1.012286
0.020512 1.012209
0.020701 1.012126
0.020893 1.012036
0.021086 1.011938
0.021281 1.011834
0.021478 1.011722
0.021677 1.011602
0.021878 1.011474
0.022080 1.011338
0.022284 1.011194
0.022491 1.011041
0.022699 1.010879
0.022909 1.010708
0.023121 1.010528
0.023335 1.010337
0.023550 1.010137
0.023768 1.009927
0.023988 1.009706
0.024210 1.009475
0.024434 1.009233
0.024660 1.008980
0.024889 1.008715
0.025119 1.008438
0.025351 1.008150
0.025586 1.007849
0.025823 1.007536
0.026062 1.007211
0.026303 1.006873
0.026546 1.006521
0.026792 1.006156
0.027040 1.005778
0.027290 1.005386
0.027542 1.004981
0.027797 1.004561
0.028054 1.004127
0.028314 1.003678
0.028576 1.003215
0.028840 1.002737
0.029107 1.002244
0.029376 1.001737
0.029648 1.001214
0.029923 1.000675
0.030200 1.000122
0.030479 0.999552
0.030761 0.998967
0.031046 0.998367
0.031333 0.997751
0.031623 0.997119
0.031915 0.996470
0.032211 0.995807
0.032509 0.995127
0.032810 0.994431
0.033113 0.993719
0.033420 0.992991
0.033729 0.992247
0.034041 0.991487
0.034356 0.990710
0.034674 0.989918
0.034995 0.989110
0.035318 0.988286
0.035645 0.987446
0.035975 0.986589
0.036308 0.985717
0.036644 0.984829
0.036983 0.983925
0.037325 0.983005
0.037670 0.982070
0.038019 0.981118
0.038371 0.980151
0.038726 0.979168
0.039084 0.978170
0.039446 0.977155
0.039811 0.976125
0.040179 0.975079
0.040551 0.974018
0.040926 0.972941
0.041305 0.971848
0.041687 0.970739
0.042073 0.969615
0.042462 0.968475
0.042855 0.967320
0.043251 0.966148
0.043652 0.964961
0.044055 0.963758
0.044463 0.962539
0.044875 0.961305
0.045290 0.960054
0.045709 0.958787
0.046132 0.957505
0.046559 0.956206
0.046989 0.954891
0.047424 0.953560
0.047863 0.952212
0.048306 0.950849
0.048753 0.949468
0.049204 0.948072
0.049659 0.946658
0.050119 0.945229
0.050582 0.943782
0.051050 0.942319
0.051523 0.940839
0.052000 0.939342
0.052481 0.937828
0.052966 0.936297
0.053456 0.934749
0.053951 0.933185
0.054450 0.931603
0.054954 0.930003
0.055463 0.928387
0.055976 0.926754
0.056494 0.925103
0.057016 0.923435
0.057544 0.921750
0.058076 0.920048
0.058614 0.918329
0.059156 0.916592
0.059704 0.914839
0.060256 0.913068
0.060814 0.911280
0.061376 0.909476
0.061944 0.907654
0.062517 0.905816
0.063096 0.903961
0.063680 0.902089
0.064269 0.900201
0.064863 0.898296
0.065464 0.896375
0.066069 0.894439
0.066681 0.892486
0.067298 0.890517
0.067920 0.888533
0.068549 0.886533
0.069183 0.884518
0.069823 0.882487
0.070469 0.880442
0.071121 0.878383
0.071779 0.876308
0.072444 0.874220
0.073114 0.872118
0.073790 0.870001
0.074473 0.867872
0.075162 0.865729
0.075858 0.863573
0.076560 0.861404
0.077268 0.859223
0.077983 0.857030
0.078705 0.854825
0.079433 0.852609
0.080168 0.850381
0.080910 0.848142
0.081658 0.845893
0.082414 0.843633
0.083176 0.841363
0.083946 0.839083
0.084723 0.836795
0.085507 0.834497
0.086298 0.832190
0.087096 0.829875
0.087902 0.827551
0.088716 0.825220
0.089536 0.822882
0.090365 0.820537
0.091201 0.818184
0.092045 0.815826
0.092897 0.813461
0.093756 0.811091
0.094624 0.808715
0.095499 0.806334
0.096383 0.803948
0.097275 0.801558
0.098175 0.799163
0.099083 0.796765
0.100000 0.794363
0.100925 0.791959
0.101859 0.789551
0.102802 0.787141
0.103753 0.784729
0.104713 0.782314
0.105682 0.779899
0.106660 0.777482
0.107647 0.775063
0.108643 0.772645
0.109648 0.770225
0.110662 0.767806
0.111686 0.765387
0.112720 0.762968
0.113763 0.760550
0.114815 0.758133
0.115878 0.755717
0.116950 0.753302
0.118032 0.750890
0.119124 0.748479
0.120226 0.746070
0.121339 0.743664
0.122462 0.741261
0.123595 0.738861
0.124738 0.736464
0.125893 0.734070
0.127057 0.731680
0.128233 0.729293
0.129420 0.726911
0.130617 0.724533
0.131826 0.722159
0.133045 0.719790
0.134276 0.717426
0.135519 0.715066
0.136773 0.712712
0.138038 0.710363
0.139316 0.708020
0.140605 0.705682
0.141906 0.703350
0.143219 0.701025
0.144544 0.698705
0.145881 0.696391
0.147231 0.694084
0.148594 0.691783
0.149968 0.689489
0.151356 0.687202
0.152757 0.684922
0.154170 0.682649
0.155597 0.680383
0.157036 0.678124
0.158489 0.675872
0.159956 0.673628
0.161436 0.671392
0.162930 0.669163
0.164437 0.666942
0.165959 0.664729
0.167494 0.662523
0.169044 0.660326
0.170608 0.658136
0.172187 0.655955
0.173780 0.653782
0.175388 0.651617
0.177011 0.649461
0.178649 0.647313
0.180302 0.645173
0.181970 0.643042
0.183654 0.640920
0.185353 0.638806
0.187068 0.636700
0.188799 0.634604
0.190546 0.632516
0.192309 0.630437
0.194089 0.628366
0.195884 0.626304
0.197697 0.624252
0.199526 0.622208
0.201372 0.620173
0.203236 0.618147
0.205116 0.616129
0.207014 0.614121
0.208930 0.612122
0.210863 0.610132
0.212814 0.608150
0.214783 0.606178
0.216770 0.604215
0.218776 0.602260
0.220800 0.600315
0.222844 0.598379
0.224905 0.596452
0.226986 0.594533
0.229087 0.592624
0.231206 0.590724
0.233346 0.588833
0.235505 0.586950
0.237684 0.585077
0.239883 0.583213
0.242103 0.581358
0.244343 0.579511
0.246604 0.577674
0.248886 0.575845
0.251189 0.574026
0.253513 0.572215
0.255859 0.570413
0.258226 0.568620
0.260615 0.566836
0.263027 0.565061
0.265461 0.563294
0.267917 0.561536
0.270396 0.559787
0.272898 0.558047
0.275423 0.556315
0.277971 0.554592
0.280543 0.552878
0.283139 0.551172
0.285759 0.549475
0.288403 0.547787
0.291072 0.546107
0.293765 0.544435
0.296483 0.542772
0.299226 0.541118
0.301995 0.539472
0.304789 0.537834
0.307610 0.536205
0.310456 0.534583
0.313329 0.532971
0.316228 0.531366
0.319154 0.529770
0.322107 0.528182
0.325087 0.526602
0.328095 0.525030
0.331131 0.523466
0.334195 0.521910
0.337287 0.520363
0.340408 0.518823
0.343558 0.517291
0.346737 0.515768
0.349945 0.514252
0.353183 0.512744
0.356451 0.511243
0.359749 0.509751
0.363078 0.508266
0.366438 0.506789
0.369828 0.505320
0.373250 0.503858
0.376704 0.502404
0.380189 0.500957
0.383707 0.499518
0.387258 0.498087
0.390841 0.496662
0.394457 0.495246
0.398107 0.493836
0.401791 0.492435
0.405509 0.491040
0.409261 0.489653
0.413048 0.488272
0.416869 0.486899
0.420727 0.485534
0.424620 0.484175
0.428549 0.482824
0.432514 0.481479
0.436516 0.480142
0.440555 0.478811
0.444631 0.477488
0.448745 0.476172
0.452898 0.474862
0.457088 0.473559
0.461318 0.472263
0.465586 0.470974
0.469894 0.469692
0.474242 0.468416
0.478630 0.467147
0.483059 0.465885
0.487528 0.464629
0.492040 0.463380
0.496592 0.462138
0.501187 0.460902
0.505825 0.459672
0.510505 0.458449
0.515229 0.457233
0.519996 0.456023
0.524807 0.454819
0.529663 0.453622
0.534564 0.452431
0.539511 0.451246
0.544503 0.450067
0.549541 0.448895
0.554626 0.447729
0.559758 0.446569
0.564937 0.445415
0.570164 0.444267
0.575440 0.443126
0.580764 0.441990
0.586138 0.440860
0.591562 0.439737
0.597035 0.438619
0.602560 0.437508
0.608135 0.436402
0.613762 0.435302
0.619441 0.434208
0.625173 0.433120
0.630957 0.432037
0.636796 0.430961
0.642688 0.429890
0.648634 0.428825
0.654636 0.427766
0.660693 0.426712
0.666807 0.425664
0.672977 0.424621
0.679204 0.423585
0.685488 0.422553
0.691831 0.421528
0.698232 0.420508
0.704693 0.419493
0.711214 0.418484
0.717794 0.417480
0.724436 0.416482
0.731139 0.415489
0.737904 0.414502
0.744732 0.413520
0.751623 0.412543
0.758578 0.411572
0.765597 0.410606
0.772681 0.409645
0.779830 0.408690
0.787046 0.407739
0.794328 0.406794
0.801678 0.405855
0.809096 0.404920
0.816582 0.403991
0.824138 0.403066
0.831764 0.402147
0.839460 0.401233
0.847227 0.400324
0.855067 0.399421
0.862979 0.398522
0.870964 0.397628
0.879023 0.396739
0.887156 0.395856
0.895365 0.394977
0.903649 0.394103
0.912011 0.393234
0.920450 0.392370
0.928966 0.391511
0.937562 0.390657
0.946237 0.389808
0.954993 0.388963
0.963829 0.388124
0.972747 0.387289
0.981748 0.386459
0.990832 0.385634
1.000000 0.384814
1.009253 0.383998
1.018591 0.383187
1.028016 0.382381
1.037528 0.381580
1.047129 0.380783
1.056818 0.379991
1.066596 0.379204
1.076465 0.378421
1.086426 0.377643
1.096478 0.376869
1.106624 0.376100
1.116863 0.375336
1.127197 0.374576
1.137627 0.373821
1.148154 0.373070
1.158777 0.372324
1.169499 0.371583
1.180321 0.370846
1.191242 0.370113
1.202264 0.369385
1.213389 0.368661
1.224616 0.367942
1.235947 0.367227
1.247384 0.366517
1.258925 0.365810
1.270574 0.365109
1.282331 0.364411
1.294196 0.363718
1.306171 0.363030
1.318257 0.362346
1.330454 0.361666
1.342765 0.360990
1.355189 0.360318
1.367729 0.359651
1.380384 0.358988
1.393157 0.358330
1.406048 0.357675
1.419058 0.357025
1.432188 0.356379
1.445440 0.355737
1.458814 0.355099
1.472313 0.354465
1.485936 0.353836
1.499685 0.353211
1.513561 0.352589
1.527566 0.351972
1.541700 0.351359
1.555966 0.350750
1.570363 0.350145
1.584893 0.349544
1.599558 0.348947
1.614359 0.348354
1.629296 0.347766
1.644372 0.347181
1.659587 0.346600
1.674943 0.346023
1.690441 0.345449
1.706082 0.344880
1.721869 0.344315
1.737801 0.343753
1.753881 0.343196
1.770109 0.342642
1.786488 0.342092
1.803018 0.341546
1.819701 0.341004
1.836538 0.340466
1.853532 0.339931
1.870682 0.339400
1.887991 0.338873
1.905461 0.338350
1.923092 0.337830
1.940886 0.337314
1.958845 0.336802
1.976970 0.336293
1.995262 0.335788
2.013724 0.335287
2.032357 0.334789
2.051162 0.334295
2.070141 0.333805
2.089296 0.333318
2.108628 0.332835
2.128139 0.332355
2.147830 0.331879
2.167704 0.331406
2.187762 0.330937
2.208005 0.330471
2.228435 0.330008
2.249055 0.329550
2.269865 0.329094
2.290868 0.328642
2.312065 0.328194
2.333458 0.327748
2.355049 0.327307
2.376840 0.326868
2.398833 0.326433
2.421029 0.326001
2.443431 0.325573
2.466039 0.325147
2.488857 0.324725
2.511886 0.324307
2.535129 0.323891
2.558586 0.323479
2.582260 0.323070
2.606154 0.322664
2.630268 0.322261
2.654606 0.321861
2.679168 0.321465
2.703958 0.321072
2.728978 0.320681
2.754229 0.320294
2.779713 0.319910
2.805434 0.319529
2.831392 0.319151
2.857591 0.318776
2.884032 0.318404
2.910717 0.318035
2.937650 0.317669
2.964831 0.317305
2.992265 0.316945
3.019952 0.316588
3.047895 0.316233
3.076097 0.315882
3.104560 0.315533
3.133286 0.315187
3.162278 0.314844
3.191538 0.314504
3.221069 0.314166
3.250873 0.313832
3.280953 0.313500
3.311311 0.313170
3.341950 0.312844
3.372873 0.312520
3.404082 0.312199
3.435579 0.311880
3.467369 0.311564
3.499452 0.311251
3.531832 0.310941
3.564511 0.310632
3.597493 0.310327
3.630781 0.310024
3.664376 0.309724
3.698282 0.309426
3.732502 0.309130
3.767038 0.308838
3.801894 0.308547
3.837072 0.308259
3.872576 0.307974
3.908409 0.307691
3.944573 0.307410
3.981072 0.307132
4.017908 0.306856
4.055085 0.306582
4.092607 0.306311
4.130475 0.306042
4.168694 0.305775
4.207266 0.305511
4.246196 0.305249
4.285485 0.304989
4.325138 0.304731
4.365158 0.304476
4.405549 0.304222
4.446313 0.303971
4.487454 0.303722
4.528976 0.303476
4.570882 0.303231
4.613176 0.302988
4.655861 0.302748
4.698941 0.302510
4.742420 0.302273
4.786301 0.302039
4.830588 0.301807
4.875285 0.301577
4.920395 0.301348
4.965923 0.301122
5.011872 0.300898
5.058247 0.300676
5.105050 0.300455
5.152286 0.300237
5.199960 0.300020
5.248075 0.299805
5.296634 0.299593
5.345644 0.299382
5.395106 0.299173
5.445027 0.298965
5.495409 0.298760
5.546257 0.298556
5.597576 0.298354
5.649370 0.298154
5.701643 0.297956
5.754399 0.297759
5.807644 0.297564
5.861382 0.297371
5.915616 0.297179
5.970353 0.296989
6.025596 0.296801
6.081350 0.296615
6.137620 0.296430
6.194411 0.296246
6.251727 0.296065
6.309573 0.295885
6.367955 0.295706
6.426877 0.295529
6.486344 0.295354
6.546362 0.295180
6.606934 0.295007
6.668068 0.294837
6.729767 0.294667
6.792036 0.294499
6.854882 0.294333
6.918310 0.294168
6.982324 0.294004
7.046931 0.293842
7.112135 0.293682
7.177943 0.293522
7.244360 0.293364
7.311391 0.293208
7.379042 0.293053
7.447320 0.292899
7.516229 0.292746
7.585776 0.292595
7.655966 0.292445
7.726806 0.292297
7.798301 0.292150
7.870458 0.292004
7.943282 0.291859
8.016781 0.291716
8.090959 0.291573
8.165824 0.291432
8.241381 0.291293
8.317638 0.291154
8.394600 0.291017
8.472274 0.290881
8.550667 0.290746
8.629785 0.290612
8.709636 0.290479
8.790225 0.290348
8.871560 0.290217
8.953648 0.290088
9.036495 0.289960
9.120108 0.289833
9.204496 0.289707
9.289664 0.289582
9.375620 0.289458
9.462372 0.289335
9.549926 0.289214
9.638290 0.289093
9.727472 0.288973
9.817479 0.288855
9.908319 0.288737



