0.001000 1.000632
0.001009 1.000641
0.001019 1.000649
0.001028 1.000658
0.001038 1.000666
0.001047 1.000675
0.001057 1.000684
0.001067 1.000693
0.001076 1.000702
0.001086 1.000711
0.001096 1.000720
0.001107 1.000729
0.001117 1.000739
0.001127 1.000748
0.001138 1.000758
0.001148 1.000768
0.001159 1.000777
0.001169 1.000787
0.001180 1.000797
0.001191 1.000807
0.001202 1.000818
0.001213 1.000828
0.001225 1.000838
0.001236 1.000849
0.001247 1.000860
0.001259 1.000870
0.001271 1.000881
0.001282 1.000892
0.001294 1.000903
0.001306 1.000914
0.001318 1.000926
0.001330 1.000937
0.001343 1.000949
0.001355 1.000960
0.001368 1.000972
0.001380 1.000984
0.001393 1.000996
0.001406 1.001008
0.001419 1.001020
0.001432 1.001033
0.001445 1.001045
0.001459 1.001058
0.001472 1.001071
0.001486 1.001084
0.001500 1.001097
0.001514 1.001110
0.001528 1.001123
0.001542 1.001137
0.001556 1.001150
0.001570 1.001164
0.001585 1.001178
0.001600 1.001192
0.001614 1.001206
0.001629 1.001221
0.001644 1.001235
0.001660 1.001250
0.001675 1.001264
0.001690 1.001279
0.001706 1.001294
0.001722 1.001310
0.001738 1.001325
0.001754 1.001341
0.001770 1.001356
0.001786 1.001372
0.001803 1.001388
0.001820 1.001404
0.001837 1.001421
0.001854 1.001437
0.001871 1.001454
0.001888 1.001471
0.001905 1.001488
0.001923 1.001505
0.001941 1.001523
0.001959 1.001540
0.001977 1.001558
0.001995 1.001576
0.002014 1.001594
0.002032 1.001613
0.002051 1.001631
0.002070 1.001650
0.002089 1.001669
0.002109 1.001688
0.002128 1.001707
0.002148 1.001727
0.002168 1.001747
0.002188 1.001767
0.002208 1.001787
0.002228 1.001807
0.002249 1.001828
0.002270 1.001848
0.002291 1.001869
0.002312 1.001891
0.002333 1.001912
0.002355 1.001934
0.002377 1.001956
0.002399 1.001978
0.002421 1.002000
0.002443 1.002023
0.002466 1.002045
0.002489 1.002068
0.002512 1.002092
0.002535 1.002115
0.002559 1.002139
0.002582 1.002163
0.002606 1.002187
0.002630 1.002212
0.002655 1.002236
0.002679 1.002261
0.002704 1.002287
0.002729 1.002312
0.002754 1.002338
0.002780 1.002364
0.002805 1.002390
0.002831 1.002417
0.002858 1.002444
0.002884 1.002471
0.002911 1.002498
0.002938 1.002526
0.002965 1.002554
0.002992 1.002582
0.003020 1.002611
0.003048 1.002639
0.003076 1.002668
0.003105 1.002698
0.003133 1.002727
0.003162 1.002757
0.003192 1.002788
0.003221 1.002818
0.003251 1.002849
0.003281 1.002880
0.003311 1.002912
0.003342 1.002943
0.003373 1.002976
0.003404 1.003008
0.003436 1.003041
0.003467 1.003074
0.003499 1.003107
0.003532 1.003141
0.003565 1.003175
0.003597 1.003209
0.003631 1.003244
0.003664 1.003279
0.003698 1.003314
0.003733 1.003350
0.003767 1.003386
0.003802 1.003422
0.003837 1.003459
0.003873 1.003496
0.003908 1.003533
0.003945 1.003571
0.003981 1.003609
0.004018 1.003647
0.004055 1.003686
0.004093 1.003725
0.004130 1.003764
0.004169 1.003804
0.004207 1.003844
0.004246 1.003885
0.004285 1.003926
0.004325 1.003967
0.004365 1.004009
0.004406 1.004051
0.004446 1.004093
0.004487 1.004136
0.004529 1.004179
0.004571 1.004222
0.004613 1.004266
0.004656 1.004311
0.004699 1.004355
0.004742 1.004400
0.004786 1.004446
0.004831 1.004491
0.004875 1.004538
0.004920 1.004584
0.004966 1.004631
0.005012 1.004678
0.005058 1.004726
0.005105 1.004774
0.005152 1.004823
0.005200 1.004871
0.005248 1.004921
0.005297 1.004970
0.005346 1.005020
0.005395 1.005071
0.005445 1.005122
0.005495 1.005173
0.005546 1.005224
0.005598 1.005276
0.005649 1.005329
0.005702 1.005382
0.005754 1.005435
0.005808 1.005488
0.005861 1.005542
0.005916 1.005596
0.005970 1.005651
0.006026 1.005706
0.006081 1.005762
0.006138 1.005817
0.006194 1.005874
0.006252 1.005930
0.006310 1.005987
0.006368 1.006045
0.006427 1.006102
0.006486 1.006160
0.006546 1.006219
0.006607 1.006278
0.006668 1.006337
0.006730 1.006396
0.006792 1.006456
0.006855 1.006517
0.006918 1.006577
0.006982 1.006638
0.007047 1.006700
0.007112 1.006761
0.007178 1.006823
0.007244 1.006885
0.007311 1.006948
0.007379 1.007011
0.007447 1.007074
0.007516 1.007138
0.007586 1.007202
0.007656 1.007266
0.007727 1.007330
0.007798 1.007395
0.007870 1.007460
0.007943 1.007525
0.008017 1.007591
0.008091 1.007657
0.008166 1.007723
0.008241 1.007789
0.008318 1.007856
0.008395 1.007923
0.008472 1.007989
0.008551 1.008057
0.008630 1.008124
0.008710 1.008192
0.008790 1.008259
0.008872 1.008327
0.008954 1.008395
0.009036 1.008463
0.009120 1.008532
0.009204 1.008600
0.009290 1.008668
0.009376 1.008737
0.009462 1.008805
0.009550 1.008874
0.009638 1.008943
0.009727 1.009011
0.009817 1.009080
0.009908 1.009149
0.010000 1.009217
0.010093 1.009286
0.010186 1.009354
0.010280 1.009422
0.010375 1.009491
0.010471 1.009559
0.010568 1.009626
0.010666 1.009694
0.010765 1.009761
0.010864 1.009828
0.010965 1.009895
0.011066 1.009962
0.011169 1.010028
0.011272 1.010094
0.011376 1.010159
0.011482 1.010224
0.011588 1.010288
0.011695 1.010352
0.011803 1.010416
0.011912 1.010478
0.012023 1.010540
0.012134 1.010602
0.012246 1.010662
0.012359 1.010722
0.012474 1.010781
0.012589 1.010839
0.012706 1.010896
0.012823 1.010953
0.012942 1.011008
0.013062 1.011062
0.013183 1.011114
0.013305 1.011166
0.013428 1.011216
0.013552 1.011265
0.013677 1.011312
0.013804 1.011358
0.013932 1.011402
0.014060 1.011445
0.014191 1.011486
0.014322 1.011525
0.014454 1.011561
0.014588 1.011596
0.014723 1.011629
0.014859 1.011659
0.014997 1.011687
0.015136 1.011713
0.015276 1.011735
0.015417 1.011755
0.015560 1.011773
0.015704 1.011787
0.015849 1.011798
0.015996 1.011805
0.016144 1.011810
0.016293 1.011810
0.016444 1.011807
0.016596 1.011800
0.016749 1.011788
0.016904 1.011773
0.017061 1.011753
0.017219 1.011728
0.017378 1.011698
0.017539 1.011663
0.017701 1.011622
0.017865 1.011576
0.018030 1.011524
0.018197 1.011466
0.018365 1.011401
0.018535 1.011330
0.018707 1.011252
0.018880 1.011167
0.019055 1.011073
0.019231 1.010972
0.019409 1.010863
0.019588 1.010745
0.019770 1.010618
0.019953 1.010482
0.020137 1.010336
0.020324 1.010180
0.020512 1.010013
0.020701 1.009836
0.020893 1.009646
0.021086 1.009445
0.021281 1.009232
0.021478 1.009005
0.021677 1.008765
0.021878 1.008511
0.022080 1.008243
0.022284 1.007959
0.022491 1.007659
0.022699 1.007344
0.022909 1.007011
0.023121 1.006660
0.023335 1.006291
0.023550 1.005904
0.023768 1.005496
0.023988 1.005068
0.024210 1.004618
0.024434 1.004147
0.024660 1.003652
0.024889 1.003134
0.025119 1.002592
0.025351 1.002024
0.025586 1.001429
0.025823 1.000807
0.026062 1.000157
0.026303 0.999478
0.026546 0.998769
0.026792 0.998028
0.027040 0.997256
0.027290 0.996450
0.027542 0.995609
0.027797 0.994734
0.028054 0.993821
0.028314 0.992871
0.028576 0.991883
0.028840 0.990854
0.029107 0.989784
0.029376 0.988672
0.029648 0.987517
0.029923 0.986317
0.030200 0.985071
0.030479 0.983778
0.030761 0.982437
0.031046 0.981047
0.031333 0.979606
0.031623 0.978113
0.031915 0.976568
0.032211 0.974968
0.032509 0.973313
0.032810 0.971602
0.033113 0.969833
0.033420 0.968006
0.033729 0.966119
0.034041 0.964171
0.034356 0.962163
0.034674 0.960091
0.034995 0.957957
0.035318 0.955758
0.035645 0.953495
0.035975 0.951166
0.036308 0.948770
0.036644 0.946308
0.036983 0.943779
0.037325 0.941182
0.037670 0.938517
0.038019 0.935783
0.038371 0.932982
0.038726 0.930111
0.039084 0.927172
0.039446 0.924165
0.039811 0.921089
0.040179 0.917945
0.040551 0.914734
0.040926 0.911456
0.041305 0.908111
0.041687 0.904701
0.042073 0.901226
0.042462 0.897687
0.042855 0.894085
0.043251 0.890421
0.043652 0.886697
0.044055 0.882914
0.044463 0.879073
0.044875 0.875177
0.045290 0.871225
0.045709 0.867222
0.046132 0.863167
0.046559 0.859063
0.046989 0.854912
0.047424 0.850716
0.047863 0.846478
0.048306 0.842199
0.048753 0.837881
0.049204 0.833527
0.049659 0.829139
0.050119 0.824720
0.050582 0.820271
0.051050 0.815795
0.051523 0.811295
0.052000 0.806773
0.052481 0.802232
0.052966 0.797672
0.053456 0.793098
0.053951 0.788512
0.054450 0.783915
0.054954 0.779310
0.055463 0.774699
0.055976 0.770085
0.056494 0.765469
0.057016 0.760854
0.057544 0.756241
0.058076 0.751634
0.058614 0.747032
0.059156 0.742440
0.059704 0.737857
0.060256 0.733286
0.060814 0.728729
0.061376 0.724186
0.061944 0.719660
0.062517 0.715152
0.063096 0.710664
0.063680 0.706195
0.064269 0.701748
0.064863 0.697324
0.065464 0.692924
0.066069 0.688548
0.066681 0.684198
0.067298 0.679873
0.067920 0.675576
0.068549 0.671307
0.069183 0.667065
0.069823 0.662853
0.070469 0.658669
0.071121 0.654515
0.071779 0.650391
0.072444 0.646298
0.073114 0.642234
0.073790 0.638202
0.074473 0.634200
0.075162 0.630229
0.075858 0.626290
0.076560 0.622381
0.077268 0.618503
0.077983 0.614656
0.078705 0.610840
0.079433 0.607055
0.080168 0.603301
0.080910 0.599577
0.081658 0.595884
0.082414 0.592221
0.083176 0.588587
0.083946 0.584984
0.084723 0.581410
0.085507 0.577866
0.086298 0.574350
0.087096 0.570863
0.087902 0.567405
0.088716 0.563975
0.089536 0.560573
0.090365 0.557198
0.091201 0.553851
0.092045 0.550531
0.092897 0.547238
0.093756 0.543971
0.094624 0.540731
0.095499 0.537516
0.096383 0.534327
0.097275 0.531163
0.098175 0.528024
0.099083 0.524910
0.100000 0.521820
0.100925 0.518754
0.101859 0.515713
0.102802 0.512694
0.103753 0.509700
0.104713 0.506728
0.105682 0.503779
0.106660 0.500852
0.107647 0.497948
0.108643 0.495066
0.109648 0.492205
0.110662 0.489367
0.111686 0.486549
0.112720 0.483753
0.113763 0.480978
0.114815 0.478223
0.115878 0.475489
0.116950 0.472775
0.118032 0.470081
0.119124 0.467407
0.120226 0.464753
0.121339 0.462118
0.122462 0.459502
0.123595 0.456906
0.124738 0.454329
0.125893 0.451770
0.127057 0.449231
0.128233 0.446709
0.129420 0.444206
0.130617 0.441722
0.131826 0.439255
0.133045 0.436806
0.134276 0.434375
0.135519 0.431962
0.136773 0.429566
0.138038 0.427187
0.139316 0.424826
0.140605 0.422481
0.141906 0.420154
0.143219 0.417844
0.144544 0.415550
0.145881 0.413273
0.147231 0.411012
0.148594 0.408768
0.149968 0.406540
0.151356 0.404328
0.152757 0.402132
0.154170 0.399952
0.155597 0.397788
0.157036 0.395640
0.158489 0.393507
0.159956 0.391390
0.161436 0.389288
0.162930 0.387201
0.164437 0.385130
0.165959 0.383074
0.167494 0.381033
0.169044 0.379006
0.170608 0.376995
0.172187 0.374999
0.173780 0.373017
0.175388 0.371049
0.177011 0.369096
0.178649 0.367158
0.180302 0.365233
0.181970 0.363323
0.183654 0.361427
0.185353 0.359545
0.187068 0.357677
0.188799 0.355823
0.190546 0.353982
0.192309 0.352156
0.194089 0.350342
0.195884 0.348543
0.197697 0.346756
0.199526 0.344983
0.201372 0.343224
0.203236 0.341477
0.205116 0.339743
0.207014 0.338023
0.208930 0.336315
0.210863 0.334620
0.212814 0.332938
0.214783 0.331268
0.216770 0.329611
0.218776 0.327967
0.220800 0.326335
0.222844 0.324715
0.224905 0.323107
0.226986 0.321512
0.229087 0.319928
0.231206 0.318357
0.233346 0.316797
0.235505 0.315250
0.237684 0.313714
0.239883 0.312189
0.242103 0.310676
0.244343 0.309175
0.246604 0.307685
0.248886 0.306207
0.251189 0.304739
0.253513 0.303283
0.255859 0.301838
0.258226 0.300404
0.260615 0.298981
0.263027 0.297568
0.265461 0.296167
0.267917 0.294776
0.270396 0.293396
0.272898 0.292026
0.275423 0.290667
0.277971 0.289318
0.280543 0.287979
0.283139 0.286651
0.285759 0.285332
0.288403 0.284024
0.291072 0.282726
0.293765 0.281438
0.296483 0.280159
0.299226 0.278890
0.301995 0.277631
0.304789 0.276382
0.307610 0.275142
0.310456 0.273911
0.313329 0.272690
0.316228 0.271478
0.319154 0.270276
0.322107 0.269083
0.325087 0.267898
0.328095 0.266723
0.331131 0.265557
0.334195 0.264399
0.337287 0.263251
0.340408 0.262111
0.343558 0.260979
0.346737 0.259857
0.349945 0.258742
0.353183 0.257637
0.356451 0.256539
0.359749 0.255450
0.363078 0.254370
0.366438 0.253297
0.369828 0.252233
0.373250 0.251176
0.376704 0.250128
0.380189 0.249087
0.383707 0.248055
0.387258 0.247030
0.390841 0.246012
0.394457 0.245003
0.398107 0.244001
0.401791 0.243007
0.405509 0.242020
0.409261 0.241040
0.413048 0.240068
0.416869 0.239103
0.420727 0.238145
0.424620 0.237195
0.428549 0.236251
0.432514 0.235315
0.436516 0.234385
0.440555 0.233463
0.444631 0.232547
0.448745 0.231638
0.452898 0.230736
0.457088 0.229841
0.461318 0.228952
0.465586 0.228070
0.469894 0.227194
0.474242 0.226325
0.478630 0.225462
0.483059 0.224605
0.487528 0.223755
0.492040 0.222911
0.496592 0.222074
0.501187 0.221242
0.505825 0.220417
0.510505 0.219597
0.515229 0.218784
0.519996 0.217976
0.524807 0.217175
0.529663 0.216379
0.534564 0.215589
0.539511 0.214805
0.544503 0.214026
0.549541 0.213253
0.554626 0.212486
0.559758 0.211724
0.564937 0.210968
0.570164 0.210217
0.575440 0.209472
0.580764 0.208732
0.586138 0.207997
0.591562 0.207268
0.597035 0.206544
0.602560 0.205825
0.608135 0.205111
0.613762 0.204403
0.619441 0.203699
0.625173 0.203001
0.630957 0.202307
0.636796 0.201619
0.642688 0.200935
0.648634 0.200256
0.654636 0.199582
0.660693 0.198913
0.666807 0.198249
0.672977 0.197589
0.679204 0.196934
0.685488 0.196284
0.691831 0.195638
0.698232 0.194997
0.704693 0.194360
0.711214 0.193728
0.717794 0.193101
0.724436 0.192477
0.731139 0.191859
0.737904 0.191244
0.744732 0.190634
0.751623 0.190028
0.758578 0.189427
0.765597 0.188829
0.772681 0.188236
0.779830 0.187647
0.787046 0.187062
0.794328 0.186482
0.801678 0.185905
0.809096 0.185332
0.816582 0.184764
0.824138 0.184199
0.831764 0.183639
0.839460 0.183082
0.847227 0.182529
0.855067 0.181980
0.862979 0.181435
0.870964 0.180894
0.879023 0.180356
0.887156 0.179822
0.895365 0.179292
0.903649 0.178766
0.912011 0.178243
0.920450 0.177724
0.928966 0.177209
0.937562 0.176697
0.946237 0.176189
0.954993 0.175684
0.963829 0.175183
0.972747 0.174686
0.981748 0.174192
0.990832 0.173701
1.000000 0.173214
1.009253 0.172730
1.018591 0.172249
1.028016 0.171772
1.037528 0.171298
1.047129 0.170828
1.056818 0.170361
1.066596 0.169897
1.076465 0.169436
1.086426 0.168979
1.096478 0.168525
1.106624 0.168074
1.116863 0.167626
1.127197 0.167181
1.137627 0.166740
1.148154 0.166301
1.158777 0.165866
1.169499 0.165434
1.180321 0.165004
1.191242 0.164578
1.202264 0.164155
1.213389 0.163735
1.224616 0.163317
1.235947 0.162903
1.247384 0.162492
1.258925 0.162083
1.270574 0.161677
1.282331 0.161275
1.294196 0.160875
1.306171 0.160478
1.318257 0.160084
1.330454 0.159692
1.342765 0.159304
1.355189 0.158918
1.367729 0.158535
1.380384 0.158155
1.393157 0.157777
1.406048 0.157402
1.419058 0.157030
1.432188 0.156660
1.445440 0.156293
1.458814 0.155929
1.472313 0.155567
1.485936 0.155208
1.499685 0.154852
1.513561 0.154498
1.527566 0.154147
1.541700 0.153798
1.555966 0.153452
1.570363 0.153108
1.584893 0.152767
1.599558 0.152428
1.614359 0.152092
1.629296 0.151758
1.644372 0.151426
1.659587 0.151098
1.674943 0.150771
1.690441 0.150447
1.706082 0.150125
1.721869 0.149806
1.737801 0.149488
1.753881 0.149174
1.770109 0.148861
1.786488 0.148551
1.803018 0.148243
1.819701 0.147938
1.836538 0.147635
1.853532 0.147334
1.870682 0.147035
1.887991 0.146738
1.905461 0.146444
1.923092 0.146152
1.940886 0.145862
1.958845 0.145574
1.976970 0.145288
1.995262 0.145005
2.013724 0.144723
2.032357 0.144444
2.051162 0.144167
2.070141 0.143892
2.089296 0.143619
2.108628 0.143348
2.128139 0.143079
2.147830 0.142812
2.167704 0.142547
2.187762 0.142285
2.208005 0.142024
2.228435 0.141765
2.249055 0.141508
2.269865 0.141253
2.290868 0.141000
2.312065 0.140749
2.333458 0.140500
2.355049 0.140253
2.376840 0.140008
2.398833 0.139765
2.421029 0.139523
2.443431 0.139284
2.466039 0.139046
2.488857 0.138810
2.511886 0.138576
2.535129 0.138343
2.558586 0.138113
2.582260 0.137884
2.606154 0.137657
2.630268 0.137432
2.654606 0.137209
2.679168 0.136987
2.703958 0.136767
2.728978 0.136549
2.754229 0.136332
2.779713 0.136118
2.805434 0.135905
2.831392 0.135693
2.857591 0.135483
2.884032 0.135275
2.910717 0.135069
2.937650 0.134864
2.964831 0.134661
2.992265 0.134459
3.019952 0.134259
3.047895 0.134060
3.076097 0.133864
3.104560 0.133668
3.133286 0.133474
3.162278 0.133282
3.191538 0.133091
3.221069 0.132902
3.250873 0.132714
3.280953 0.132528
3.311311 0.132344
3.341950 0.132160
3.372873 0.131978
3.404082 0.131798
3.435579 0.131619
3.467369 0.131442
3.499452 0.131266
3.531832 0.131091
3.564511 0.130918
3.597493 0.130746
3.630781 0.130575
3.664376 0.130406
3.698282 0.130238
3.732502 0.130072
3.767038 0.129907
3.801894 0.129743
3.837072 0.129581
3.872576 0.129419
3.908409 0.129259
3.944573 0.129101
3.981072 0.128944
4.017908 0.128788
4.055085 0.128633
4.092607 0.128479
4.130475 0.128327
4.168694 0.128176
4.207266 0.128026
4.246196 0.127877
4.285485 0.127730
4.325138 0.127583
4.365158 0.127438
4.405549 0.127294
4.446313 0.127152
4.487454 0.127010
4.528976 0.126869
4.570882 0.126730
4.613176 0.126592
4.655861 0.126455
4.698941 0.126318
4.742420 0.126184
4.786301 0.126050
4.830588 0.125917
4.875285 0.125785
4.920395 0.125654
4.965923 0.125525
5.011872 0.125396
5.058247 0.125269
5.105050 0.125142
5.152286 0.125017
5.199960 0.124892
5.248075 0.124769
5.296634 0.124646
5.345644 0.124524
5.395106 0.124404
5.445027 0.124284
5.495409 0.124166
5.546257 0.124048
5.597576 0.123931
5.649370 0.123815
5.701643 0.123700
5.754399 0.123586
5.807644 0.123473
5.861382 0.123361
5.915616 0.123250
5.970353 0.123139
6.025596 0.123030
6.081350 0.122921
6.137620 0.122813
6.194411 0.122706
6.251727 0.122600
6.309573 0.122495
6.367955 0.122390
6.426877 0.122287
6.486344 0.122184
6.546362 0.122082
6.606934 0.121980
6.668068 0.121880
6.729767 0.121780
6.792036 0.121681
6.854882 0.121583
6.918310 0.121486
6.982324 0.121390
7.046931 0.121294
7.112135 0.121199
7.177943 0.121104
7.244360 0.121011
7.311391 0.120918
7.379042 0.120826
7.447320 0.120734
7.516229 0.120644
7.585776 0.120554
7.655966 0.120464
7.726806 0.120376
7.798301 0.120288
7.870458 0.120200
7.943282 0.120114
8.016781 0.120028
8.090959 0.119942
8.165824 0.119858
8.241381 0.119774
8.317638 0.119690
8.394600 0.119608
8.472274 0.119526
8.550667 0.119444
8.629785 0.119363
8.709636 0.119283
8.790225 0.119203
8.871560 0.119124
8.953648 0.119046
9.036495 0.118968
9.120108 0.118891
9.204496 0.118814
9.289664 0.118738
9.375620 0.118662
9.462372 0.118587
9.549926 0.118513
9.638290 0.118439
9.727472 0.118365
9.817479 0.118293
9.908319 0.118220
