0.001000 1.003434
0.001009 1.003469
0.001019 1.003504
0.001028 1.003539
0.001038 1.003575
0.001047 1.003610
0.001057 1.003647
0.001067 1.003683
0.001076 1.003720
0.001086 1.003757
0.001096 1.003795
0.001107 1.003832
0.001117 1.003871
0.001127 1.003909
0.001138 1.003948
0.001148 1.003987
0.001159 1.004027
0.001169 1.004067
0.001180 1.004107
0.001191 1.004147
0.001202 1.004188
0.001213 1.004230
0.001225 1.004271
0.001236 1.004313
0.001247 1.004356
0.001259 1.004398
0.001271 1.004441
0.001282 1.004485
0.001294 1.004529
0.001306 1.004573
0.001318 1.004618
0.001330 1.004663
0.001343 1.004708
0.001355 1.004754
0.001368 1.004800
0.001380 1.004846
0.001393 1.004893
0.001406 1.004941
0.001419 1.004988
0.001432 1.005036
0.001445 1.005085
0.001459 1.005134
0.001472 1.005183
0.001486 1.005233
0.001500 1.005283
0.001514 1.005333
0.001528 1.005384
0.001542 1.005435
0.001556 1.005487
0.001570 1.005539
0.001585 1.005592
0.001600 1.005645
0.001614 1.005698
0.001629 1.005752
0.001644 1.005806
0.001660 1.005860
0.001675 1.005915
0.001690 1.005971
0.001706 1.006027
0.001722 1.006083
0.001738 1.006140
0.001754 1.006197
0.001770 1.006254
0.001786 1.006312
0.001803 1.006371
0.001820 1.006430
0.001837 1.006489
0.001854 1.006548
0.001871 1.006609
0.001888 1.006669
0.001905 1.006730
0.001923 1.006791
0.001941 1.006853
0.001959 1.006915
0.001977 1.006978
0.001995 1.007041
0.002014 1.007105
0.002032 1.007169
0.002051 1.007233
0.002070 1.007298
0.002089 1.007363
0.002109 1.007429
0.002128 1.007495
0.002148 1.007561
0.002168 1.007628
0.002188 1.007695
0.002208 1.007763
0.002228 1.007831
0.002249 1.007900
0.002270 1.007969
0.002291 1.008038
0.002312 1.008108
0.002333 1.008178
0.002355 1.008249
0.002377 1.008320
0.002399 1.008391
0.002421 1.008463
0.002443 1.008535
0.002466 1.008608
0.002489 1.008681
0.002512 1.008754
0.002535 1.008828
0.002559 1.008902
0.002582 1.008977
0.002606 1.009052
0.002630 1.009127
0.002655 1.009202
0.002679 1.009278
0.002704 1.009355
0.002729 1.009432
0.002754 1.009509
0.002780 1.009586
0.002805 1.009664
0.002831 1.009742
0.002858 1.009821
0.002884 1.009900
0.002911 1.009979
0.002938 1.010058
0.002965 1.010138
0.002992 1.010218
0.003020 1.010299
0.003048 1.010379
0.003076 1.010460
0.003105 1.010542
0.003133 1.010623
0.003162 1.010705
0.003192 1.010787
0.003221 1.010870
0.003251 1.010952
0.003281 1.011035
0.003311 1.011119
0.003342 1.011202
0.003373 1.011286
0.003404 1.011370
0.003436 1.011454
0.003467 1.011538
0.003499 1.011623
0.003532 1.011707
0.003565 1.011792
0.003597 1.011877
0.003631 1.011963
0.003664 1.012048
0.003698 1.012134
0.003733 1.012219
0.003767 1.012305
0.003802 1.012391
0.003837 1.012477
0.003873 1.012563
0.003908 1.012650
0.003945 1.012736
0.003981 1.012822
0.004018 1.012909
0.004055 1.012995
0.004093 1.013082
0.004130 1.013168
0.004169 1.013255
0.004207 1.013341
0.004246 1.013428
0.004285 1.013514
0.004325 1.013601
0.004365 1.013687
0.004406 1.013773
0.004446 1.013859
0.004487 1.013945
0.004529 1.014031
0.004571 1.014117
0.004613 1.014202
0.004656 1.014287
0.004699 1.014372
0.004742 1.014457
0.004786 1.014542
0.004831 1.014626
0.004875 1.014710
0.004920 1.014793
0.004966 1.014876
0.005012 1.014959
0.005058 1.015041
0.005105 1.015123
0.005152 1.015204
0.005200 1.015285
0.005248 1.015365
0.005297 1.015444
0.005346 1.015523
0.005395 1.015602
0.005445 1.015679
0.005495 1.015756
0.005546 1.015831
0.005598 1.015906
0.005649 1.015980
0.005702 1.016053
0.005754 1.016126
0.005808 1.016196
0.005861 1.016266
0.005916 1.016335
0.005970 1.016402
0.006026 1.016468
0.006081 1.016533
0.006138 1.016596
0.006194 1.016658
0.006252 1.016718
0.006310 1.016776
0.006368 1.016833
0.006427 1.016888
0.006486 1.016940
0.006546 1.016991
0.006607 1.017040
0.006668 1.017086
0.006730 1.017130
0.006792 1.017171
0.006855 1.017210
0.006918 1.017247
0.006982 1.017280
0.007047 1.017311
0.007112 1.017338
0.007178 1.017362
0.007244 1.017383
0.007311 1.017400
0.007379 1.017414
0.007447 1.017424
0.007516 1.017430
0.007586 1.017432
0.007656 1.017430
0.007727 1.017423
0.007798 1.017411
0.007870 1.017395
0.007943 1.017373
0.008017 1.017347
0.008091 1.017314
0.008166 1.017277
0.008241 1.017233
0.008318 1.017183
0.008395 1.017127
0.008472 1.017064
0.008551 1.016994
0.008630 1.016917
0.008710 1.016833
0.008790 1.016741
0.008872 1.016641
0.008954 1.016533
0.009036 1.016416
0.009120 1.016290
0.009204 1.016156
0.009290 1.016012
0.009376 1.015858
0.009462 1.015694
0.009550 1.015519
0.009638 1.015334
0.009727 1.015137
0.009817 1.014929
0.009908 1.014709
0.010000 1.014477
0.010093 1.014232
0.010186 1.013974
0.010280 1.013702
0.010375 1.013417
0.010471 1.013117
0.010568 1.012803
0.010666 1.012473
0.010765 1.012128
0.010864 1.011766
0.010965 1.011388
0.011066 1.010993
0.011169 1.010581
0.011272 1.010151
0.011376 1.009702
0.011482 1.009234
0.011588 1.008747
0.011695 1.008240
0.011803 1.007713
0.011912 1.007165
0.012023 1.006595
0.012134 1.006003
0.012246 1.005389
0.012359 1.004752
0.012474 1.004091
0.012589 1.003407
0.012706 1.002697
0.012823 1.001963
0.012942 1.001203
0.013062 1.000417
0.013183 0.999604
0.013305 0.998764
0.013428 0.997896
0.013552 0.997000
0.013677 0.996075
0.013804 0.995121
0.013932 0.994136
0.014060 0.993122
0.014191 0.992076
0.014322 0.990999
0.014454 0.989890
0.014588 0.988749
0.014723 0.987575
0.014859 0.986368
0.014997 0.985126
0.015136 0.983851
0.015276 0.982540
0.015417 0.981195
0.015560 0.979814
0.015704 0.978397
0.015849 0.976944
0.015996 0.975454
0.016144 0.973927
0.016293 0.972363
0.016444 0.970761
0.016596 0.969121
0.016749 0.967443
0.016904 0.965726
0.017061 0.963971
0.017219 0.962177
0.017378 0.960345
0.017539 0.958473
0.017701 0.956562
0.017865 0.954611
0.018030 0.952622
0.018197 0.950593
0.018365 0.948525
0.018535 0.946418
0.018707 0.944272
0.018880 0.942088
0.019055 0.939864
0.019231 0.937602
0.019409 0.935302
0.019588 0.932964
0.019770 0.930589
0.019953 0.928176
0.020137 0.925727
0.020324 0.923241
0.020512 0.920720
0.020701 0.918164
0.020893 0.915573
0.021086 0.912948
0.021281 0.910291
0.021478 0.907600
0.021677 0.904878
0.021878 0.902125
0.022080 0.899341
0.022284 0.896529
0.022491 0.893688
0.022699 0.890819
0.022909 0.887924
0.023121 0.885004
0.023335 0.882059
0.023550 0.879090
0.023768 0.876099
0.023988 0.873087
0.024210 0.870054
0.024434 0.867002
0.024660 0.863933
0.024889 0.860846
0.025119 0.857743
0.025351 0.854626
0.025586 0.851496
0.025823 0.848353
0.026062 0.845199
0.026303 0.842034
0.026546 0.838861
0.026792 0.835680
0.027040 0.832493
0.027290 0.829300
0.027542 0.826102
0.027797 0.822901
0.028054 0.819698
0.028314 0.816493
0.028576 0.813288
0.028840 0.810084
0.029107 0.806881
0.029376 0.803681
0.029648 0.800484
0.029923 0.797292
0.030200 0.794105
0.030479 0.790923
0.030761 0.787749
0.031046 0.784581
0.031333 0.781423
0.031623 0.778273
0.031915 0.775132
0.032211 0.772002
0.032509 0.768882
0.032810 0.765774
0.033113 0.762678
0.033420 0.759594
0.033729 0.756523
0.034041 0.753465
0.034356 0.750421
0.034674 0.747391
0.034995 0.744375
0.035318 0.741374
0.035645 0.738389
0.035975 0.735418
0.036308 0.732463
0.036644 0.729524
0.036983 0.726601
0.037325 0.723694
0.037670 0.720804
0.038019 0.717930
0.038371 0.715072
0.038726 0.712232
0.039084 0.709408
0.039446 0.706601
0.039811 0.703811
0.040179 0.701039
0.040551 0.698283
0.040926 0.695544
0.041305 0.692823
0.041687 0.690119
0.042073 0.687431
0.042462 0.684761
0.042855 0.682108
0.043251 0.679472
0.043652 0.676853
0.044055 0.674251
0.044463 0.671665
0.044875 0.669097
0.045290 0.666545
0.045709 0.664010
0.046132 0.661491
0.046559 0.658989
0.046989 0.656504
0.047424 0.654035
0.047863 0.651581
0.048306 0.649144
0.048753 0.646724
0.049204 0.644319
0.049659 0.641930
0.050119 0.639556
0.050582 0.637198
0.051050 0.634856
0.051523 0.632529
0.052000 0.630218
0.052481 0.627922
0.052966 0.625640
0.053456 0.623374
0.053951 0.621123
0.054450 0.618887
0.054954 0.616665
0.055463 0.614458
0.055976 0.612265
0.056494 0.610086
0.057016 0.607922
0.057544 0.605772
0.058076 0.603636
0.058614 0.601514
0.059156 0.599406
0.059704 0.597312
0.060256 0.595231
0.060814 0.593164
0.061376 0.591110
0.061944 0.589070
0.062517 0.587043
0.063096 0.585029
0.063680 0.583028
0.064269 0.581041
0.064863 0.579066
0.065464 0.577104
0.066069 0.575154
0.066681 0.573218
0.067298 0.571293
0.067920 0.569382
0.068549 0.567482
0.069183 0.565595
0.069823 0.563720
0.070469 0.561857
0.071121 0.560007
0.071779 0.558168
0.072444 0.556341
0.073114 0.554526
0.073790 0.552722
0.074473 0.550931
0.075162 0.549151
0.075858 0.547382
0.076560 0.545625
0.077268 0.543879
0.077983 0.542144
0.078705 0.540421
0.079433 0.538708
0.080168 0.537007
0.080910 0.535317
0.081658 0.533637
0.082414 0.531969
0.083176 0.530311
0.083946 0.528664
0.084723 0.527027
0.085507 0.525402
0.086298 0.523786
0.087096 0.522181
0.087902 0.520587
0.088716 0.519003
0.089536 0.517429
0.090365 0.515865
0.091201 0.514312
0.092045 0.512768
0.092897 0.511235
0.093756 0.509711
0.094624 0.508197
0.095499 0.506694
0.096383 0.505199
0.097275 0.503715
0.098175 0.502240
0.099083 0.500775
0.100000 0.499320
0.100925 0.497874
0.101859 0.496437
0.102802 0.495010
0.103753 0.493592
0.104713 0.492183
0.105682 0.490784
0.106660 0.489393
0.107647 0.488012
0.108643 0.486640
0.109648 0.485277
0.110662 0.483922
0.111686 0.482577
0.112720 0.481240
0.113763 0.479913
0.114815 0.478594
0.115878 0.477283
0.116950 0.475982
0.118032 0.474688
0.119124 0.473404
0.120226 0.472128
0.121339 0.470860
0.122462 0.469601
0.123595 0.468350
0.124738 0.467107
0.125893 0.465873
0.127057 0.464647
0.128233 0.463429
0.129420 0.462219
0.130617 0.461017
0.131826 0.459823
0.133045 0.458637
0.134276 0.457459
0.135519 0.456289
0.136773 0.455127
0.138038 0.453972
0.139316 0.452825
0.140605 0.451686
0.141906 0.450555
0.143219 0.449431
0.144544 0.448315
0.145881 0.447206
0.147231 0.446105
0.148594 0.445011
0.149968 0.443925
0.151356 0.442846
0.152757 0.441774
0.154170 0.440710
0.155597 0.439652
0.157036 0.438602
0.158489 0.437559
0.159956 0.436524
0.161436 0.435495
0.162930 0.434473
0.164437 0.433459
0.165959 0.432451
0.167494 0.431450
0.169044 0.430456
0.170608 0.429469
0.172187 0.428489
0.173780 0.427515
0.175388 0.426549
0.177011 0.425588
0.178649 0.424635
0.180302 0.423688
0.181970 0.422748
0.183654 0.421814
0.185353 0.420887
0.187068 0.419966
0.188799 0.419052
0.190546 0.418144
0.192309 0.417242
0.194089 0.416347
0.195884 0.415458
0.197697 0.414575
0.199526 0.413698
0.201372 0.412828
0.203236 0.411963
0.205116 0.411105
0.207014 0.410253
0.208930 0.409407
0.210863 0.408567
0.212814 0.407733
0.214783 0.406905
0.216770 0.406082
0.218776 0.405266
0.220800 0.404455
0.222844 0.403651
0.224905 0.402852
0.226986 0.402058
0.229087 0.401271
0.231206 0.400489
0.233346 0.399713
0.235505 0.398942
0.237684 0.398177
0.239883 0.397417
0.242103 0.396663
0.244343 0.395915
0.246604 0.395172
0.248886 0.394434
0.251189 0.393702
0.253513 0.392975
0.255859 0.392253
0.258226 0.391537
0.260615 0.390826
0.263027 0.390120
0.265461 0.389419
0.267917 0.388724
0.270396 0.388033
0.272898 0.387348
0.275423 0.386668
0.277971 0.385992
0.280543 0.385322
0.283139 0.384657
0.285759 0.383997
0.288403 0.383342
0.291072 0.382691
0.293765 0.382046
0.296483 0.381405
0.299226 0.380769
0.301995 0.380138
0.304789 0.379512
0.307610 0.378890
0.310456 0.378273
0.313329 0.377661
0.316228 0.377053
0.319154 0.376450
0.322107 0.375851
0.325087 0.375257
0.328095 0.374668
0.331131 0.374083
0.334195 0.373503
0.337287 0.372927
0.340408 0.372355
0.343558 0.371788
0.346737 0.371225
0.349945 0.370666
0.353183 0.370112
0.356451 0.369562
0.359749 0.369016
0.363078 0.368474
0.366438 0.367937
0.369828 0.367404
0.373250 0.366875
0.376704 0.366350
0.380189 0.365829
0.383707 0.365312
0.387258 0.364799
0.390841 0.364290
0.394457 0.363785
0.398107 0.363284
0.401791 0.362787
0.405509 0.362294
0.409261 0.361805
0.413048 0.361319
0.416869 0.360838
0.420727 0.360360
0.424620 0.359886
0.428549 0.359416
0.432514 0.358949
0.436516 0.358486
0.440555 0.358027
0.444631 0.357571
0.448745 0.357119
0.452898 0.356670
0.457088 0.356225
0.461318 0.355784
0.465586 0.355346
0.469894 0.354912
0.474242 0.354481
0.478630 0.354053
0.483059 0.353629
0.487528 0.353208
0.492040 0.352791
0.496592 0.352377
0.501187 0.351966
0.505825 0.351558
0.510505 0.351154
0.515229 0.350753
0.519996 0.350355
0.524807 0.349961
0.529663 0.349569
0.534564 0.349181
0.539511 0.348796
0.544503 0.348414
0.549541 0.348035
0.554626 0.347659
0.559758 0.347286
0.564937 0.346916
0.570164 0.346549
0.575440 0.346185
0.580764 0.345824
0.586138 0.345466
0.591562 0.345110
0.597035 0.344758
0.602560 0.344408
0.608135 0.344062
0.613762 0.343718
0.619441 0.343376
0.625173 0.343038
0.630957 0.342702
0.636796 0.342369
0.642688 0.342039
0.648634 0.341711
0.654636 0.341386
0.660693 0.341064
0.666807 0.340744
0.672977 0.340427
0.679204 0.340112
0.685488 0.339800
0.691831 0.339491
0.698232 0.339184
0.704693 0.338879
0.711214 0.338577
0.717794 0.338277
0.724436 0.337980
0.731139 0.337685
0.737904 0.337393
0.744732 0.337103
0.751623 0.336815
0.758578 0.336529
0.765597 0.336246
0.772681 0.335965
0.779830 0.335687
0.787046 0.335410
0.794328 0.335136
0.801678 0.334864
0.809096 0.334594
0.816582 0.334327
0.824138 0.334061
0.831764 0.333798
0.839460 0.333537
0.847227 0.333278
0.855067 0.333021
0.862979 0.332766
0.870964 0.332513
0.879023 0.332262
0.887156 0.332013
0.895365 0.331766
0.903649 0.331521
0.912011 0.331278
0.920450 0.331037
0.928966 0.330798
0.937562 0.330561
0.946237 0.330326
0.954993 0.330092
0.963829 0.329861
0.972747 0.329631
0.981748 0.329403
0.990832 0.329177
1.000000 0.328953
1.009253 0.328730
1.018591 0.328509
1.028016 0.328290
1.037528 0.328073
1.047129 0.327857
1.056818 0.327643
1.066596 0.327431
1.076465 0.327221
1.086426 0.327012
1.096478 0.326805
1.106624 0.326599
1.116863 0.326395
1.127197 0.326193
1.137627 0.325992
1.148154 0.325793
1.158777 0.325595
1.169499 0.325399
1.180321 0.325204
1.191242 0.325011
1.202264 0.324819
1.213389 0.324629
1.224616 0.324441
1.235947 0.324253
1.247384 0.324068
1.258925 0.323883
1.270574 0.323700
1.282331 0.323519
1.294196 0.323339
1.306171 0.323160
1.318257 0.322983
1.330454 0.322807
1.342765 0.322632
1.355189 0.322459
1.367729 0.322287
1.380384 0.322116
1.393157 0.321947
1.406048 0.321779
1.419058 0.321612
1.432188 0.321446
1.445440 0.321282
1.458814 0.321119
1.472313 0.320957
1.485936 0.320797
1.499685 0.320637
1.513561 0.320479
1.527566 0.320322
1.541700 0.320166
1.555966 0.320012
1.570363 0.319858
1.584893 0.319706
1.599558 0.319554
1.614359 0.319404
1.629296 0.319255
1.644372 0.319107
1.659587 0.318960
1.674943 0.318815
1.690441 0.318670
1.706082 0.318526
1.721869 0.318384
1.737801 0.318242
1.753881 0.318102
1.770109 0.317962
1.786488 0.317824
1.803018 0.317686
1.819701 0.317550
1.836538 0.317414
1.853532 0.317280
1.870682 0.317146
1.887991 0.317014
1.905461 0.316882
1.923092 0.316752
1.940886 0.316622
1.958845 0.316493
1.976970 0.316365
1.995262 0.316238
2.013724 0.316112
2.032357 0.315987
2.051162 0.315863
2.070141 0.315739
2.089296 0.315617
2.108628 0.315495
2.128139 0.315374
2.147830 0.315254
2.167704 0.315135
2.187762 0.315017
2.208005 0.314899
2.228435 0.314783
2.249055 0.314667
2.269865 0.314552
2.290868 0.314437
2.312065 0.314324
2.333458 0.314211
2.355049 0.314099
2.376840 0.313988
2.398833 0.313878
2.421029 0.313768
2.443431 0.313659
2.466039 0.313551
2.488857 0.313444
2.511886 0.313337
2.535129 0.313231
2.558586 0.313126
2.582260 0.313021
2.606154 0.312917
2.630268 0.312814
2.654606 0.312712
2.679168 0.312610
2.703958 0.312509
2.728978 0.312408
2.754229 0.312308
2.779713 0.312209
2.805434 0.312111
2.831392 0.312013
2.857591 0.311916
2.884032 0.311819
2.910717 0.311723
2.937650 0.311628
2.964831 0.311533
2.992265 0.311439
3.019952 0.311346
3.047895 0.311253
3.076097 0.311161
3.104560 0.311069
3.133286 0.310978
3.162278 0.310888
3.191538 0.310798
3.221069 0.310708
3.250873 0.310620
3.280953 0.310531
3.311311 0.310444
3.341950 0.310357
3.372873 0.310270
3.404082 0.310184
3.435579 0.310099
3.467369 0.310014
3.499452 0.309929
3.531832 0.309846
3.564511 0.309762
3.597493 0.309679
3.630781 0.309597
3.664376 0.309515
3.698282 0.309434
3.732502 0.309353
3.767038 0.309273
3.801894 0.309193
3.837072 0.309114
3.872576 0.309035
3.908409 0.308956
3.944573 0.308878
3.981072 0.308801
4.017908 0.308724
4.055085 0.308648
4.092607 0.308572
4.130475 0.308496
4.168694 0.308421
4.207266 0.308346
4.246196 0.308272
4.285485 0.308198
4.325138 0.308125
4.365158 0.308052
4.405549 0.307979
4.446313 0.307907
4.487454 0.307835
4.528976 0.307764
4.570882 0.307693
4.613176 0.307623
4.655861 0.307553
4.698941 0.307483
4.742420 0.307414
4.786301 0.307345
4.830588 0.307277
4.875285 0.307209
4.920395 0.307141
4.965923 0.307074
5.011872 0.307007
5.058247 0.306941
5.105050 0.306875
5.152286 0.306809
5.199960 0.306744
5.248075 0.306679
5.296634 0.306614
5.345644 0.306550
5.395106 0.306486
5.445027 0.306422
5.495409 0.306359
5.546257 0.306296
5.597576 0.306234
5.649370 0.306171
5.701643 0.306110
5.754399 0.306048
5.807644 0.305987
5.861382 0.305926
5.915616 0.305866
5.970353 0.305806
6.025596 0.305746
6.081350 0.305686
6.137620 0.305627
6.194411 0.305568
6.251727 0.305510
6.309573 0.305451
6.367955 0.305394
6.426877 0.305336
6.486344 0.305279
6.546362 0.305222
6.606934 0.305165
6.668068 0.305108
6.729767 0.305052
6.792036 0.304997
6.854882 0.304941
6.918310 0.304886
6.982324 0.304831
7.046931 0.304776
7.112135 0.304722
7.177943 0.304668
7.244360 0.304614
7.311391 0.304560
7.379042 0.304507
7.447320 0.304454
7.516229 0.304401
7.585776 0.304349
7.655966 0.304297
7.726806 0.304245
7.798301 0.304193
7.870458 0.304142
7.943282 0.304091
8.016781 0.304040
8.090959 0.303989
8.165824 0.303939
8.241381 0.303889
8.317638 0.303839
8.394600 0.303789
8.472274 0.303740
8.550667 0.303691
8.629785 0.303642
8.709636 0.303593
8.790225 0.303545
8.871560 0.303497
8.953648 0.303449
9.036495 0.303401
9.120108 0.303353
9.204496 0.303306
9.289664 0.303259
9.375620 0.303212
9.462372 0.303166
9.549926 0.303120
9.638290 0.303073
9.727472 0.303028
9.817479 0.302982
9.908319 0.302936
