-3.000000 1.000633
-2.995000 1.000643
-2.990000 1.000654
-2.985000 1.000664
-2.980000 1.000676
-2.975000 1.000687
-2.970000 1.000698
-2.965000 1.000709
-2.960000 1.000721
-2.955000 1.000732
-2.950000 1.000744
-2.945000 1.000756
-2.940000 1.000768
-2.935000 1.000780
-2.930000 1.000793
-2.925000 1.000805
-2.920000 1.000818
-2.915000 1.000831
-2.910000 1.000844
-2.905000 1.000857
-2.900000 1.000871
-2.895000 1.000884
-2.890000 1.000898
-2.885000 1.000912
-2.880000 1.000926
-2.875000 1.000941
-2.870000 1.000955
-2.865000 1.000970
-2.860000 1.000985
-2.855000 1.001000
-2.850000 1.001015
-2.845000 1.001030
-2.840000 1.001046
-2.835000 1.001062
-2.830000 1.001078
-2.825000 1.001094
-2.820000 1.001111
-2.815000 1.001128
-2.810000 1.001145
-2.805000 1.001162
-2.800000 1.001179
-2.795000 1.001197
-2.790000 1.001215
-2.785000 1.001233
-2.780000 1.001251
-2.775000 1.001269
-2.770000 1.001288
-2.765000 1.001307
-2.760000 1.001326
-2.755000 1.001346
-2.750000 1.001366
-2.745000 1.001386
-2.740000 1.001406
-2.735000 1.001426
-2.730000 1.001447
-2.725000 1.001468
-2.720000 1.001490
-2.715000 1.001511
-2.710000 1.001533
-2.705000 1.001555
-2.700000 1.001578
-2.695000 1.001601
-2.690000 1.001624
-2.685000 1.001647
-2.680000 1.001671
-2.675000 1.001695
-2.670000 1.001719
-2.665000 1.001744
-2.660000 1.001769
-2.655000 1.001794
-2.650000 1.001820
-2.645000 1.001846
-2.640000 1.001872
-2.635000 1.001899
-2.630000 1.001926
-2.625000 1.001953
-2.620000 1.001981
-2.615000 1.002009
-2.610000 1.002037
-2.605000 1.002066
-2.600000 1.002095
-2.595000 1.002125
-2.590000 1.002155
-2.585000 1.002185
-2.580000 1.002216
-2.575000 1.002247
-2.570000 1.002278
-2.565000 1.002310
-2.560000 1.002343
-2.555000 1.002375
-2.550000 1.002409
-2.545000 1.002442
-2.540000 1.002476
-2.535000 1.002511
-2.530000 1.002545
-2.525000 1.002581
-2.520000 1.002617
-2.515000 1.002653
-2.510000 1.002689
-2.505000 1.002727
-2.500000 1.002764
-2.495000 1.002802
-2.490000 1.002841
-2.485000 1.002880
-2.480000 1.002919
-2.475000 1.002959
-2.470000 1.003000
-2.465000 1.003041
-2.460000 1.003082
-2.455000 1.003124
-2.450000 1.003167
-2.445000 1.003210
-2.440000 1.003253
-2.435000 1.003298
-2.430000 1.003342
-2.425000 1.003387
-2.420000 1.003433
-2.415000 1.003479
-2.410000 1.003526
-2.405000 1.003574
-2.400000 1.003621
-2.395000 1.003670
-2.390000 1.003719
-2.385000 1.003768
-2.380000 1.003819
-2.375000 1.003869
-2.370000 1.003921
-2.365000 1.003972
-2.360000 1.004025
-2.355000 1.004078
-2.350000 1.004132
-2.345000 1.004186
-2.340000 1.004241
-2.335000 1.004297
-2.330000 1.004353
-2.325000 1.004409
-2.320000 1.004467
-2.315000 1.004525
-2.310000 1.004583
-2.305000 1.004642
-2.300000 1.004702
-2.295000 1.004763
-2.290000 1.004824
-2.285000 1.004885
-2.280000 1.004948
-2.275000 1.005011
-2.270000 1.005074
-2.265000 1.005139
-2.260000 1.005203
-2.255000 1.005269
-2.250000 1.005335
-2.245000 1.005402
-2.240000 1.005469
-2.235000 1.005538
-2.230000 1.005606
-2.225000 1.005676
-2.220000 1.005746
-2.215000 1.005816
-2.210000 1.005887
-2.205000 1.005959
-2.200000 1.006032
-2.195000 1.006105
-2.190000 1.006179
-2.185000 1.006253
-2.180000 1.006328
-2.175000 1.006404
-2.170000 1.006481
-2.165000 1.006557
-2.160000 1.006635
-2.155000 1.006713
-2.150000 1.006792
-2.145000 1.006871
-2.140000 1.006951
-2.135000 1.007031
-2.130000 1.007112
-2.125000 1.007194
-2.120000 1.007276
-2.115000 1.007359
-2.110000 1.007442
-2.105000 1.007526
-2.100000 1.007610
-2.095000 1.007695
-2.090000 1.007780
-2.085000 1.007866
-2.080000 1.007952
-2.075000 1.008039
-2.070000 1.008126
-2.065000 1.008214
-2.060000 1.008301
-2.055000 1.008390
-2.050000 1.008478
-2.045000 1.008568
-2.040000 1.008657
-2.035000 1.008747
-2.030000 1.008837
-2.025000 1.008927
-2.020000 1.009017
-2.015000 1.009108
-2.010000 1.009199
-2.005000 1.009290
-2.000000 1.009381
-1.995000 1.009473
-1.990000 1.009564
-1.985000 1.009655
-1.980000 1.009747
-1.975000 1.009838
-1.970000 1.009930
-1.965000 1.010021
-1.960000 1.010112
-1.955000 1.010203
-1.950000 1.010294
-1.945000 1.010384
-1.940000 1.010474
-1.935000 1.010564
-1.930000 1.010653
-1.925000 1.010742
-1.920000 1.010830
-1.915000 1.010917
-1.910000 1.011004
-1.905000 1.011090
-1.900000 1.011175
-1.895000 1.011259
-1.890000 1.011342
-1.885000 1.011425
-1.880000 1.011506
-1.875000 1.011585
-1.870000 1.011664
-1.865000 1.011741
-1.860000 1.011816
-1.855000 1.011889
-1.850000 1.011961
-1.845000 1.012031
-1.840000 1.012099
-1.835000 1.012165
-1.830000 1.012228
-1.825000 1.012289
-1.820000 1.012347
-1.815000 1.012403
-1.810000 1.012455
-1.805000 1.012505
-1.800000 1.012551
-1.795000 1.012594
-1.790000 1.012632
-1.785000 1.012668
-1.780000 1.012698
-1.775000 1.012725
-1.770000 1.012747
-1.765000 1.012764
-1.760000 1.012776
-1.755000 1.012783
-1.750000 1.012784
-1.745000 1.012780
-1.740000 1.012769
-1.735000 1.012752
-1.730000 1.012728
-1.725000 1.012696
-1.720000 1.012658
-1.715000 1.012611
-1.710000 1.012557
-1.705000 1.012493
-1.700000 1.012421
-1.695000 1.012340
-1.690000 1.012249
-1.685000 1.012148
-1.680000 1.012036
-1.675000 1.011913
-1.670000 1.011779
-1.665000 1.011633
-1.660000 1.011474
-1.655000 1.011303
-1.650000 1.011119
-1.645000 1.010921
-1.640000 1.010708
-1.635000 1.010481
-1.630000 1.010239
-1.625000 1.009981
-1.620000 1.009707
-1.615000 1.009416
-1.610000 1.009108
-1.605000 1.008782
-1.600000 1.008438
-1.595000 1.008076
-1.590000 1.007695
-1.585000 1.007294
-1.580000 1.006873
-1.575000 1.006431
-1.570000 1.005969
-1.565000 1.005486
-1.560000 1.004981
-1.555000 1.004454
-1.550000 1.003905
-1.545000 1.003332
-1.540000 1.002737
-1.535000 1.002119
-1.530000 1.001477
-1.525000 1.000811
-1.520000 1.000122
-1.515000 0.999408
-1.510000 0.998669
-1.505000 0.997906
-1.500000 0.997119
-1.495000 0.996306
-1.490000 0.995469
-1.485000 0.994606
-1.480000 0.993719
-1.475000 0.992806
-1.470000 0.991869
-1.465000 0.990906
-1.460000 0.989918
-1.455000 0.988906
-1.450000 0.987868
-1.445000 0.986805
-1.440000 0.985718
-1.435000 0.984605
-1.430000 0.983467
-1.425000 0.982305
-1.420000 0.981118
-1.415000 0.979907
-1.410000 0.978671
-1.405000 0.977410
-1.400000 0.976125
-1.395000 0.974815
-1.390000 0.973481
-1.385000 0.972123
-1.380000 0.970739
-1.375000 0.969332
-1.370000 0.967900
-1.365000 0.966443
-1.360000 0.964961
-1.355000 0.963455
-1.350000 0.961924
-1.345000 0.960368
-1.340000 0.958787
-1.335000 0.957181
-1.330000 0.955551
-1.325000 0.953894
-1.320000 0.952212
-1.315000 0.950505
-1.310000 0.948772
-1.305000 0.947013
-1.300000 0.945229
-1.295000 0.943418
-1.290000 0.941581
-1.285000 0.939718
-1.280000 0.937828
-1.275000 0.935912
-1.270000 0.933969
-1.265000 0.932000
-1.260000 0.930004
-1.255000 0.927981
-1.250000 0.925931
-1.245000 0.923854
-1.240000 0.921750
-1.235000 0.919620
-1.230000 0.917463
-1.225000 0.915279
-1.220000 0.913068
-1.215000 0.910831
-1.210000 0.908567
-1.205000 0.906277
-1.200000 0.903961
-1.195000 0.901619
-1.190000 0.899251
-1.185000 0.896857
-1.180000 0.894439
-1.175000 0.891995
-1.170000 0.889527
-1.165000 0.887034
-1.160000 0.884518
-1.155000 0.881978
-1.150000 0.879415
-1.145000 0.876829
-1.140000 0.874220
-1.135000 0.871590
-1.130000 0.868939
-1.125000 0.866266
-1.120000 0.863573
-1.115000 0.860860
-1.110000 0.858128
-1.105000 0.855378
-1.100000 0.852609
-1.095000 0.849822
-1.090000 0.847019
-1.085000 0.844199
-1.080000 0.841363
-1.075000 0.838512
-1.070000 0.835647
-1.065000 0.832768
-1.060000 0.829875
-1.055000 0.826970
-1.050000 0.824052
-1.045000 0.821124
-1.040000 0.818185
-1.035000 0.815235
-1.030000 0.812277
-1.025000 0.809309
-1.020000 0.806334
-1.015000 0.803351
-1.010000 0.800361
-1.005000 0.797365
-1.000000 0.794364
-0.995000 0.791357
-0.990000 0.788346
-0.985000 0.785332
-0.980000 0.782315
-0.975000 0.779295
-0.970000 0.776273
-0.965000 0.773250
-0.960000 0.770225
-0.955000 0.767201
-0.950000 0.764177
-0.945000 0.761154
-0.940000 0.758133
-0.935000 0.755113
-0.930000 0.752096
-0.925000 0.749081
-0.920000 0.746070
-0.915000 0.743063
-0.910000 0.740061
-0.905000 0.737063
-0.900000 0.734070
-0.895000 0.731083
-0.890000 0.728102
-0.885000 0.725127
-0.880000 0.722159
-0.875000 0.719199
-0.870000 0.716246
-0.865000 0.713301
-0.860000 0.710364
-0.855000 0.707435
-0.850000 0.704516
-0.845000 0.701606
-0.840000 0.698705
-0.835000 0.695814
-0.830000 0.692933
-0.825000 0.690062
-0.820000 0.687202
-0.815000 0.684353
-0.810000 0.681515
-0.805000 0.678688
-0.800000 0.675872
-0.795000 0.673069
-0.790000 0.670277
-0.785000 0.667497
-0.780000 0.664729
-0.775000 0.661973
-0.770000 0.659230
-0.765000 0.656500
-0.760000 0.653782
-0.755000 0.651078
-0.750000 0.648386
-0.745000 0.645708
-0.740000 0.643042
-0.735000 0.640390
-0.730000 0.637752
-0.725000 0.635127
-0.720000 0.632516
-0.715000 0.629918
-0.710000 0.627334
-0.705000 0.624764
-0.700000 0.622208
-0.695000 0.619666
-0.690000 0.617137
-0.685000 0.614622
-0.680000 0.612122
-0.675000 0.609636
-0.670000 0.607163
-0.665000 0.604705
-0.660000 0.602261
-0.655000 0.599830
-0.650000 0.597414
-0.645000 0.595012
-0.640000 0.592624
-0.635000 0.590250
-0.630000 0.587891
-0.625000 0.585545
-0.620000 0.583213
-0.615000 0.580895
-0.610000 0.578591
-0.605000 0.576302
-0.600000 0.574026
-0.595000 0.571764
-0.590000 0.569516
-0.585000 0.567281
-0.580000 0.565061
-0.575000 0.562854
-0.570000 0.560661
-0.565000 0.558481
-0.560000 0.556315
-0.555000 0.554163
-0.550000 0.552024
-0.545000 0.549899
-0.540000 0.547787
-0.535000 0.545688
-0.530000 0.543603
-0.525000 0.541531
-0.520000 0.539472
-0.515000 0.537426
-0.510000 0.535393
-0.505000 0.533373
-0.500000 0.531366
-0.495000 0.529372
-0.490000 0.527391
-0.485000 0.525422
-0.480000 0.523466
-0.475000 0.521523
-0.470000 0.519592
-0.465000 0.517674
-0.460000 0.515768
-0.455000 0.513874
-0.450000 0.511992
-0.445000 0.510123
-0.440000 0.508266
-0.435000 0.506421
-0.430000 0.504588
-0.425000 0.502767
-0.420000 0.500957
-0.415000 0.499160
-0.410000 0.497374
-0.405000 0.495599
-0.400000 0.493837
-0.395000 0.492085
-0.390000 0.490345
-0.385000 0.488617
-0.380000 0.486900
-0.375000 0.485194
-0.370000 0.483499
-0.365000 0.481815
-0.360000 0.480142
-0.355000 0.478480
-0.350000 0.476829
-0.345000 0.475189
-0.340000 0.473559
-0.335000 0.471940
-0.330000 0.470332
-0.325000 0.468735
-0.320000 0.467147
-0.315000 0.465571
-0.310000 0.464004
-0.305000 0.462448
-0.300000 0.460902
-0.295000 0.459366
-0.290000 0.457840
-0.285000 0.456325
-0.280000 0.454819
-0.275000 0.453323
-0.270000 0.451837
-0.265000 0.450361
-0.260000 0.448895
-0.255000 0.447438
-0.250000 0.445991
-0.245000 0.444554
-0.240000 0.443126
-0.235000 0.441707
-0.230000 0.440298
-0.225000 0.438898
-0.220000 0.437508
-0.215000 0.436126
-0.210000 0.434754
-0.205000 0.433392
-0.200000 0.432038
-0.195000 0.430693
-0.190000 0.429357
-0.185000 0.428030
-0.180000 0.426712
-0.175000 0.425403
-0.170000 0.424102
-0.165000 0.422811
-0.160000 0.421528
-0.155000 0.420254
-0.150000 0.418988
-0.145000 0.417731
-0.140000 0.416482
-0.135000 0.415242
-0.130000 0.414010
-0.125000 0.412787
-0.120000 0.411572
-0.115000 0.410365
-0.110000 0.409167
-0.105000 0.407977
-0.100000 0.406795
-0.095000 0.405621
-0.090000 0.404455
-0.085000 0.403297
-0.080000 0.402147
-0.075000 0.401006
-0.070000 0.399872
-0.065000 0.398746
-0.060000 0.397628
-0.055000 0.396518
-0.050000 0.395416
-0.045000 0.394321
-0.040000 0.393234
-0.035000 0.392155
-0.030000 0.391084
-0.025000 0.390020
-0.020000 0.388964
-0.015000 0.387915
-0.010000 0.386874
-0.005000 0.385840
0.000000 0.384814
0.005000 0.383795
0.010000 0.382784
0.015000 0.381780
0.020000 0.380783
0.025000 0.379794
0.030000 0.378812
0.035000 0.377837
0.040000 0.376869
0.045000 0.375909
0.050000 0.374956
0.055000 0.374010
0.060000 0.373071
0.065000 0.372139
0.070000 0.371214
0.075000 0.370296
0.080000 0.369385
0.085000 0.368481
0.090000 0.367584
0.095000 0.366694
0.100000 0.365811
0.105000 0.364934
0.110000 0.364065
0.115000 0.363202
0.120000 0.362346
0.125000 0.361496
0.130000 0.360654
0.135000 0.359818
0.140000 0.358988
0.145000 0.358166
0.150000 0.357349
0.155000 0.356540
0.160000 0.355737
0.165000 0.354940
0.170000 0.354150
0.175000 0.353367
0.180000 0.352589
0.185000 0.351819
0.190000 0.351054
0.195000 0.350296
0.200000 0.349544
0.205000 0.348799
0.210000 0.348060
0.215000 0.347327
0.220000 0.346600
0.225000 0.345879
0.230000 0.345164
0.235000 0.344456
0.240000 0.343754
0.245000 0.343057
0.250000 0.342367
0.255000 0.341683
0.260000 0.341004
0.265000 0.340332
0.270000 0.339665
0.275000 0.339005
0.280000 0.338350
0.285000 0.337701
0.290000 0.337058
0.295000 0.336420
0.300000 0.335788
0.305000 0.335162
0.310000 0.334542
0.315000 0.333927
0.320000 0.333318
0.325000 0.332714
0.330000 0.332116
0.335000 0.331524
0.340000 0.330937
0.345000 0.330355
0.350000 0.329779
0.355000 0.329208
0.360000 0.328642
0.365000 0.328082
0.370000 0.327527
0.375000 0.326977
0.380000 0.326433
0.385000 0.325894
0.390000 0.325360
0.395000 0.324830
0.400000 0.324307
0.405000 0.323788
0.410000 0.323274
0.415000 0.322765
0.420000 0.322261
0.425000 0.321762
0.430000 0.321268
0.435000 0.320779
0.440000 0.320294
0.445000 0.319815
0.450000 0.319340
0.455000 0.318869
0.460000 0.318404
0.465000 0.317943
0.470000 0.317487
0.475000 0.317035
0.480000 0.316588
0.485000 0.316145
0.490000 0.315707
0.495000 0.315273
0.500000 0.314844
0.505000 0.314419
0.510000 0.313999
0.515000 0.313582
0.520000 0.313170
0.525000 0.312763
0.530000 0.312359
0.535000 0.311960
0.540000 0.311564
0.545000 0.311173
0.550000 0.310786
0.555000 0.310403
0.560000 0.310024
0.565000 0.309649
0.570000 0.309278
0.575000 0.308911
0.580000 0.308547
0.585000 0.308188
0.590000 0.307832
0.595000 0.307480
0.600000 0.307132
0.605000 0.306787
0.610000 0.306446
0.615000 0.306109
0.620000 0.305775
0.625000 0.305445
0.630000 0.305118
0.635000 0.304795
0.640000 0.304476
0.645000 0.304159
0.650000 0.303847
0.655000 0.303537
0.660000 0.303231
0.665000 0.302928
0.670000 0.302628
0.675000 0.302332
0.680000 0.302039
0.685000 0.301749
0.690000 0.301462
0.695000 0.301179
0.700000 0.300898
0.705000 0.300620
0.710000 0.300346
0.715000 0.300074
0.720000 0.299805
0.725000 0.299540
0.730000 0.299277
0.735000 0.299017
0.740000 0.298760
0.745000 0.298506
0.750000 0.298254
0.755000 0.298005
0.760000 0.297759
0.765000 0.297516
0.770000 0.297275
0.775000 0.297037
0.780000 0.296801
0.785000 0.296568
0.790000 0.296338
0.795000 0.296110
0.800000 0.295885
0.805000 0.295662
0.810000 0.295441
0.815000 0.295223
0.820000 0.295007
0.825000 0.294794
0.830000 0.294583
0.835000 0.294374
0.840000 0.294168
0.845000 0.293964
0.850000 0.293762
0.855000 0.293562
0.860000 0.293364
0.865000 0.293169
0.870000 0.292976
0.875000 0.292784
0.880000 0.292595
0.885000 0.292408
0.890000 0.292223
0.895000 0.292040
0.900000 0.291859
0.905000 0.291680
0.910000 0.291503
0.915000 0.291328
0.920000 0.291154
0.925000 0.290983
0.930000 0.290813
0.935000 0.290645
0.940000 0.290479
0.945000 0.290315
0.950000 0.290153
0.955000 0.289992
0.960000 0.289833
0.965000 0.289676
0.970000 0.289520
0.975000 0.289366
0.980000 0.289214
0.985000 0.289063
0.990000 0.288914
0.995000 0.288766
1.000000 0.288621
1.005000 0.288476
1.010000 0.288333
1.015000 0.288192
1.020000 0.288052
1.025000 0.287913
1.030000 0.287776
1.035000 0.287641
1.040000 0.287507
1.045000 0.287374
1.050000 0.287243
1.055000 0.287113
1.060000 0.286984
1.065000 0.286857
1.070000 0.286731
1.075000 0.286606
1.080000 0.286483
1.085000 0.286361
1.090000 0.286240
1.095000 0.286120
1.100000 0.286002
1.105000 0.285885
1.110000 0.285769
1.115000 0.285654
1.120000 0.285540
1.125000 0.285428
1.130000 0.285316
1.135000 0.285206
1.140000 0.285097
1.145000 0.284989
1.150000 0.284882
1.155000 0.284776
1.160000 0.284671
1.165000 0.284568
1.170000 0.284465
1.175000 0.284363
1.180000 0.284262
1.185000 0.284162
1.190000 0.284064
1.195000 0.283966
1.200000 0.283869
1.205000 0.283773
1.210000 0.283678
1.215000 0.283584
1.220000 0.283491
1.225000 0.283399
1.230000 0.283307
1.235000 0.283217
1.240000 0.283127
1.245000 0.283039
1.250000 0.282951
1.255000 0.282864
1.260000 0.282777
1.265000 0.282692
1.270000 0.282607
1.275000 0.282523
1.280000 0.282440
1.285000 0.282358
1.290000 0.282276
1.295000 0.282196
1.300000 0.282116
1.305000 0.282036
1.310000 0.281958
1.315000 0.281880
1.320000 0.281803
1.325000 0.281727
1.330000 0.281651
1.335000 0.281576
1.340000 0.281501
1.345000 0.281428
1.350000 0.281355
1.355000 0.281282
1.360000 0.281211
1.365000 0.281139
1.370000 0.281069
1.375000 0.280999
1.380000 0.280930
1.385000 0.280861
1.390000 0.280793
1.395000 0.280726
1.400000 0.280659
1.405000 0.280593
1.410000 0.280527
1.415000 0.280462
1.420000 0.280397
1.425000 0.280333
1.430000 0.280270
1.435000 0.280207
1.440000 0.280144
1.445000 0.280082
1.450000 0.280021
1.455000 0.279960
1.460000 0.279900
1.465000 0.279840
1.470000 0.279781
1.475000 0.279722
1.480000 0.279663
1.485000 0.279605
1.490000 0.279548
1.495000 0.279491
1.500000 0.279435
1.505000 0.279378
1.510000 0.279323
1.515000 0.279268
1.520000 0.279213
1.525000 0.279159
1.530000 0.279105
1.535000 0.279052
1.540000 0.278999
1.545000 0.278946
1.550000 0.278894
1.555000 0.278842
1.560000 0.278791
1.565000 0.278740
1.570000 0.278689
1.575000 0.278639
1.580000 0.278589
1.585000 0.278540
1.590000 0.278491
1.595000 0.278442
1.600000 0.278394
1.605000 0.278346
1.610000 0.278298
1.615000 0.278251
1.620000 0.278204
1.625000 0.278158
1.630000 0.278111
1.635000 0.278065
1.640000 0.278020
1.645000 0.277975
1.650000 0.277930
1.655000 0.277885
1.660000 0.277841
1.665000 0.277797
1.670000 0.277754
1.675000 0.277710
1.680000 0.277668
1.685000 0.277625
1.690000 0.277582
1.695000 0.277540
1.700000 0.277499
1.705000 0.277457
1.710000 0.277416
1.715000 0.277375
1.720000 0.277334
1.725000 0.277294
1.730000 0.277254
1.735000 0.277214
1.740000 0.277175
1.745000 0.277135
1.750000 0.277096
1.755000 0.277058
1.760000 0.277019
1.765000 0.276981
1.770000 0.276943
1.775000 0.276905
1.780000 0.276868
1.785000 0.276831
1.790000 0.276794
1.795000 0.276757
1.800000 0.276720
1.805000 0.276684
1.810000 0.276648
1.815000 0.276612
1.820000 0.276577
1.825000 0.276541
1.830000 0.276506
1.835000 0.276471
1.840000 0.276437
1.845000 0.276402
1.850000 0.276368
1.855000 0.276334
1.860000 0.276300
1.865000 0.276266
1.870000 0.276233
1.875000 0.276200
1.880000 0.276167
1.885000 0.276134
1.890000 0.276101
1.895000 0.276069
1.900000 0.276037
1.905000 0.276005
1.910000 0.275973
1.915000 0.275941
1.920000 0.275910
1.925000 0.275878
1.930000 0.275847
1.935000 0.275816
1.940000 0.275786
1.945000 0.275755
1.950000 0.275725
1.955000 0.275694
1.960000 0.275664
1.965000 0.275634
1.970000 0.275605
1.975000 0.275575
1.980000 0.275546
1.985000 0.275517
1.990000 0.275488
1.995000 0.275459
