-3.000000 1.006473
-2.995000 1.006603
-2.990000 1.006734
-2.985000 1.006868
-2.980000 1.007004
-2.975000 1.007142
-2.970000 1.007283
-2.965000 1.007426
-2.960000 1.007572
-2.955000 1.007720
-2.950000 1.007870
-2.945000 1.008023
-2.940000 1.008178
-2.935000 1.008337
-2.930000 1.008497
-2.925000 1.008661
-2.920000 1.008827
-2.915000 1.008996
-2.910000 1.009167
-2.905000 1.009342
-2.900000 1.009519
-2.895000 1.009699
-2.890000 1.009883
-2.885000 1.010069
-2.880000 1.010258
-2.875000 1.010450
-2.870000 1.010646
-2.865000 1.010844
-2.860000 1.011046
-2.855000 1.011251
-2.850000 1.011459
-2.845000 1.011671
-2.840000 1.011886
-2.835000 1.012105
-2.830000 1.012327
-2.825000 1.012552
-2.820000 1.012781
-2.815000 1.013013
-2.810000 1.013250
-2.805000 1.013489
-2.800000 1.013733
-2.795000 1.013981
-2.790000 1.014232
-2.785000 1.014487
-2.780000 1.014746
-2.775000 1.015009
-2.770000 1.015276
-2.765000 1.015547
-2.760000 1.015823
-2.755000 1.016102
-2.750000 1.016386
-2.745000 1.016673
-2.740000 1.016966
-2.735000 1.017262
-2.730000 1.017563
-2.725000 1.017868
-2.720000 1.018178
-2.715000 1.018492
-2.710000 1.018811
-2.705000 1.019135
-2.700000 1.019463
-2.695000 1.019796
-2.690000 1.020134
-2.685000 1.020477
-2.680000 1.020824
-2.675000 1.021177
-2.670000 1.021534
-2.665000 1.021897
-2.660000 1.022264
-2.655000 1.022637
-2.650000 1.023014
-2.645000 1.023397
-2.640000 1.023785
-2.635000 1.024179
-2.630000 1.024578
-2.625000 1.024982
-2.620000 1.025392
-2.615000 1.025807
-2.610000 1.026227
-2.605000 1.026654
-2.600000 1.027086
-2.595000 1.027523
-2.590000 1.027966
-2.585000 1.028415
-2.580000 1.028870
-2.575000 1.029331
-2.570000 1.029797
-2.565000 1.030269
-2.560000 1.030747
-2.555000 1.031232
-2.550000 1.031722
-2.545000 1.032218
-2.540000 1.032721
-2.535000 1.033230
-2.530000 1.033744
-2.525000 1.034266
-2.520000 1.034793
-2.515000 1.035326
-2.510000 1.035866
-2.505000 1.036412
-2.500000 1.036965
-2.495000 1.037524
-2.490000 1.038089
-2.485000 1.038661
-2.480000 1.039240
-2.475000 1.039825
-2.470000 1.040416
-2.465000 1.041015
-2.460000 1.041620
-2.455000 1.042231
-2.450000 1.042849
-2.445000 1.043474
-2.440000 1.044106
-2.435000 1.044744
-2.430000 1.045389
-2.425000 1.046041
-2.420000 1.046700
-2.415000 1.047365
-2.410000 1.048038
-2.405000 1.048717
-2.400000 1.049403
-2.395000 1.050096
-2.390000 1.050796
-2.385000 1.051503
-2.380000 1.052217
-2.375000 1.052937
-2.370000 1.053665
-2.365000 1.054400
-2.360000 1.055141
-2.355000 1.055890
-2.350000 1.056646
-2.345000 1.057408
-2.340000 1.058177
-2.335000 1.058954
-2.330000 1.059737
-2.325000 1.060528
-2.320000 1.061325
-2.315000 1.062129
-2.310000 1.062941
-2.305000 1.063759
-2.300000 1.064584
-2.295000 1.065416
-2.290000 1.066255
-2.285000 1.067101
-2.280000 1.067953
-2.275000 1.068813
-2.270000 1.069679
-2.265000 1.070552
-2.260000 1.071432
-2.255000 1.072319
-2.250000 1.073212
-2.245000 1.074112
-2.240000 1.075019
-2.235000 1.075932
-2.230000 1.076852
-2.225000 1.077778
-2.220000 1.078711
-2.215000 1.079650
-2.210000 1.080596
-2.205000 1.081548
-2.200000 1.082506
-2.195000 1.083470
-2.190000 1.084440
-2.185000 1.085417
-2.180000 1.086399
-2.175000 1.087387
-2.170000 1.088382
-2.165000 1.089381
-2.160000 1.090387
-2.155000 1.091397
-2.150000 1.092414
-2.145000 1.093435
-2.140000 1.094462
-2.135000 1.095494
-2.130000 1.096530
-2.125000 1.097571
-2.120000 1.098617
-2.115000 1.099668
-2.110000 1.100722
-2.105000 1.101781
-2.100000 1.102844
-2.095000 1.103910
-2.090000 1.104980
-2.085000 1.106053
-2.080000 1.107130
-2.075000 1.108209
-2.070000 1.109291
-2.065000 1.110375
-2.060000 1.111461
-2.055000 1.112549
-2.050000 1.113638
-2.045000 1.114729
-2.040000 1.115819
-2.035000 1.116911
-2.030000 1.118003
-2.025000 1.119094
-2.020000 1.120185
-2.015000 1.121274
-2.010000 1.122362
-2.005000 1.123447
-2.000000 1.124531
-1.995000 1.125610
-1.990000 1.126686
-1.985000 1.127758
-1.980000 1.128825
-1.975000 1.129887
-1.970000 1.130943
-1.965000 1.131991
-1.960000 1.133033
-1.955000 1.134066
-1.950000 1.135090
-1.945000 1.136105
-1.940000 1.137109
-1.935000 1.138102
-1.930000 1.139082
-1.925000 1.140050
-1.920000 1.141004
-1.915000 1.141942
-1.910000 1.142865
-1.905000 1.143770
-1.900000 1.144658
-1.895000 1.145527
-1.890000 1.146375
-1.885000 1.147202
-1.880000 1.148007
-1.875000 1.148789
-1.870000 1.149546
-1.865000 1.150277
-1.860000 1.150980
-1.855000 1.151656
-1.850000 1.152302
-1.845000 1.152918
-1.840000 1.153502
-1.835000 1.154052
-1.830000 1.154568
-1.825000 1.155049
-1.820000 1.155492
-1.815000 1.155898
-1.810000 1.156264
-1.805000 1.156591
-1.800000 1.156875
-1.795000 1.157117
-1.790000 1.157316
-1.785000 1.157470
-1.780000 1.157578
-1.775000 1.157640
-1.770000 1.157655
-1.765000 1.157621
-1.760000 1.157539
-1.755000 1.157406
-1.750000 1.157224
-1.745000 1.156991
-1.740000 1.156707
-1.735000 1.156371
-1.730000 1.155984
-1.725000 1.155545
-1.720000 1.155053
-1.715000 1.154509
-1.710000 1.153913
-1.705000 1.153265
-1.700000 1.152565
-1.695000 1.151813
-1.690000 1.151010
-1.685000 1.150156
-1.680000 1.149252
-1.675000 1.148299
-1.670000 1.147295
-1.665000 1.146244
-1.660000 1.145145
-1.655000 1.143998
-1.650000 1.142806
-1.645000 1.141569
-1.640000 1.140287
-1.635000 1.138962
-1.630000 1.137594
-1.625000 1.136185
-1.620000 1.134735
-1.615000 1.133246
-1.610000 1.131718
-1.605000 1.130153
-1.600000 1.128551
-1.595000 1.126914
-1.590000 1.125242
-1.585000 1.123537
-1.580000 1.121799
-1.575000 1.120028
-1.570000 1.118228
-1.565000 1.116396
-1.560000 1.114536
-1.555000 1.112648
-1.550000 1.110731
-1.545000 1.108788
-1.540000 1.106818
-1.535000 1.104823
-1.530000 1.102803
-1.525000 1.100759
-1.520000 1.098691
-1.515000 1.096601
-1.510000 1.094487
-1.505000 1.092352
-1.500000 1.090195
-1.495000 1.088018
-1.490000 1.085820
-1.485000 1.083601
-1.480000 1.081364
-1.475000 1.079107
-1.470000 1.076832
-1.465000 1.074538
-1.460000 1.072226
-1.455000 1.069897
-1.450000 1.067551
-1.445000 1.065188
-1.440000 1.062809
-1.435000 1.060414
-1.430000 1.058004
-1.425000 1.055578
-1.420000 1.053138
-1.415000 1.050683
-1.410000 1.048214
-1.405000 1.045732
-1.400000 1.043237
-1.395000 1.040728
-1.390000 1.038208
-1.385000 1.035675
-1.380000 1.033131
-1.375000 1.030576
-1.370000 1.028010
-1.365000 1.025433
-1.360000 1.022847
-1.355000 1.020251
-1.350000 1.017646
-1.345000 1.015033
-1.340000 1.012411
-1.335000 1.009781
-1.330000 1.007144
-1.325000 1.004501
-1.320000 1.001850
-1.315000 0.999194
-1.310000 0.996532
-1.305000 0.993864
-1.300000 0.991192
-1.295000 0.988516
-1.290000 0.985835
-1.285000 0.983151
-1.280000 0.980464
-1.275000 0.977774
-1.270000 0.975082
-1.265000 0.972388
-1.260000 0.969692
-1.255000 0.966996
-1.250000 0.964298
-1.245000 0.961601
-1.240000 0.958903
-1.235000 0.956205
-1.230000 0.953509
-1.225000 0.950813
-1.220000 0.948119
-1.215000 0.945426
-1.210000 0.942736
-1.205000 0.940048
-1.200000 0.937363
-1.195000 0.934680
-1.190000 0.932001
-1.185000 0.929326
-1.180000 0.926655
-1.175000 0.923987
-1.170000 0.921324
-1.165000 0.918666
-1.160000 0.916013
-1.155000 0.913365
-1.150000 0.910723
-1.145000 0.908086
-1.140000 0.905455
-1.135000 0.902830
-1.130000 0.900211
-1.125000 0.897598
-1.120000 0.894993
-1.115000 0.892394
-1.110000 0.889802
-1.105000 0.887217
-1.100000 0.884640
-1.095000 0.882070
-1.090000 0.879507
-1.085000 0.876953
-1.080000 0.874406
-1.075000 0.871867
-1.070000 0.869337
-1.065000 0.866815
-1.060000 0.864300
-1.055000 0.861795
-1.050000 0.859298
-1.045000 0.856809
-1.040000 0.854330
-1.035000 0.851859
-1.030000 0.849397
-1.025000 0.846943
-1.020000 0.844499
-1.015000 0.842064
-1.010000 0.839638
-1.005000 0.837221
-1.000000 0.834813
-0.995000 0.832415
-0.990000 0.830026
-0.985000 0.827646
-0.980000 0.825276
-0.975000 0.822915
-0.970000 0.820563
-0.965000 0.818221
-0.960000 0.815889
-0.955000 0.813566
-0.950000 0.811252
-0.945000 0.808948
-0.940000 0.806653
-0.935000 0.804368
-0.930000 0.802093
-0.925000 0.799827
-0.920000 0.797571
-0.915000 0.795324
-0.910000 0.793087
-0.905000 0.790859
-0.900000 0.788641
-0.895000 0.786433
-0.890000 0.784234
-0.885000 0.782044
-0.880000 0.779864
-0.875000 0.777694
-0.870000 0.775533
-0.865000 0.773382
-0.860000 0.771241
-0.855000 0.769109
-0.850000 0.766986
-0.845000 0.764873
-0.840000 0.762769
-0.835000 0.760674
-0.830000 0.758589
-0.825000 0.756514
-0.820000 0.754448
-0.815000 0.752392
-0.810000 0.750344
-0.805000 0.748306
-0.800000 0.746278
-0.795000 0.744259
-0.790000 0.742249
-0.785000 0.740248
-0.780000 0.738257
-0.775000 0.736275
-0.770000 0.734302
-0.765000 0.732339
-0.760000 0.730385
-0.755000 0.728440
-0.750000 0.726504
-0.745000 0.724577
-0.740000 0.722660
-0.735000 0.720751
-0.730000 0.718852
-0.725000 0.716963
-0.720000 0.715082
-0.715000 0.713210
-0.710000 0.711347
-0.705000 0.709494
-0.700000 0.707650
-0.695000 0.705814
-0.690000 0.703988
-0.685000 0.702170
-0.680000 0.700362
-0.675000 0.698563
-0.670000 0.696773
-0.665000 0.694992
-0.660000 0.693220
-0.655000 0.691457
-0.650000 0.689703
-0.645000 0.687957
-0.640000 0.686221
-0.635000 0.684494
-0.630000 0.682776
-0.625000 0.681066
-0.620000 0.679366
-0.615000 0.677674
-0.610000 0.675992
-0.605000 0.674318
-0.600000 0.672653
-0.595000 0.670998
-0.590000 0.669351
-0.585000 0.667713
-0.580000 0.666084
-0.575000 0.664464
-0.570000 0.662853
-0.565000 0.661250
-0.560000 0.659657
-0.555000 0.658072
-0.550000 0.656496
-0.545000 0.654930
-0.540000 0.653372
-0.535000 0.651823
-0.530000 0.650283
-0.525000 0.648751
-0.520000 0.647229
-0.515000 0.645715
-0.510000 0.644211
-0.505000 0.642715
-0.500000 0.641228
-0.495000 0.639750
-0.490000 0.638280
-0.485000 0.636820
-0.480000 0.635368
-0.475000 0.633925
-0.470000 0.632492
-0.465000 0.631066
-0.460000 0.629650
-0.455000 0.628243
-0.450000 0.626845
-0.445000 0.625455
-0.440000 0.624074
-0.435000 0.622702
-0.430000 0.621339
-0.425000 0.619985
-0.420000 0.618639
-0.415000 0.617302
-0.410000 0.615974
-0.405000 0.614655
-0.400000 0.613345
-0.395000 0.612044
-0.390000 0.610751
-0.385000 0.609467
-0.380000 0.608192
-0.375000 0.606926
-0.370000 0.605668
-0.365000 0.604419
-0.360000 0.603179
-0.355000 0.601948
-0.350000 0.600726
-0.345000 0.599512
-0.340000 0.598307
-0.335000 0.597110
-0.330000 0.595923
-0.325000 0.594744
-0.320000 0.593574
-0.315000 0.592412
-0.310000 0.591259
-0.305000 0.590115
-0.300000 0.588980
-0.295000 0.587852
-0.290000 0.586734
-0.285000 0.585625
-0.280000 0.584523
-0.275000 0.583431
-0.270000 0.582347
-0.265000 0.581272
-0.260000 0.580205
-0.255000 0.579147
-0.250000 0.578097
-0.245000 0.577056
-0.240000 0.576023
-0.235000 0.574998
-0.230000 0.573982
-0.225000 0.572975
-0.220000 0.571975
-0.215000 0.570985
-0.210000 0.570003
-0.205000 0.569028
-0.200000 0.568063
-0.195000 0.567105
-0.190000 0.566156
-0.185000 0.565215
-0.180000 0.564282
-0.175000 0.563358
-0.170000 0.562441
-0.165000 0.561533
-0.160000 0.560633
-0.155000 0.559741
-0.150000 0.558857
-0.145000 0.557981
-0.140000 0.557113
-0.135000 0.556253
-0.130000 0.555401
-0.125000 0.554557
-0.120000 0.553721
-0.115000 0.552892
-0.110000 0.552072
-0.105000 0.551259
-0.100000 0.550454
-0.095000 0.549657
-0.090000 0.548867
-0.085000 0.548085
-0.080000 0.547311
-0.075000 0.546544
-0.070000 0.545785
-0.065000 0.545033
-0.060000 0.544289
-0.055000 0.543552
-0.050000 0.542822
-0.045000 0.542100
-0.040000 0.541386
-0.035000 0.540678
-0.030000 0.539978
-0.025000 0.539285
-0.020000 0.538599
-0.015000 0.537920
-0.010000 0.537249
-0.005000 0.536584
0.000000 0.535927
0.005000 0.535276
0.010000 0.534632
0.015000 0.533995
0.020000 0.533365
0.025000 0.532742
0.030000 0.532125
0.035000 0.531515
0.040000 0.530912
0.045000 0.530316
0.050000 0.529726
0.055000 0.529142
0.060000 0.528565
0.065000 0.527994
0.070000 0.527430
0.075000 0.526872
0.080000 0.526321
0.085000 0.525775
0.090000 0.525236
0.095000 0.524703
0.100000 0.524176
0.105000 0.523655
0.110000 0.523140
0.115000 0.522631
0.120000 0.522128
0.125000 0.521631
0.130000 0.521140
0.135000 0.520654
0.140000 0.520174
0.145000 0.519700
0.150000 0.519231
0.155000 0.518768
0.160000 0.518310
0.165000 0.517858
0.170000 0.517412
0.175000 0.516971
0.180000 0.516535
0.185000 0.516104
0.190000 0.515679
0.195000 0.515258
0.200000 0.514843
0.205000 0.514433
0.210000 0.514029
0.215000 0.513629
0.220000 0.513234
0.225000 0.512843
0.230000 0.512458
0.235000 0.512078
0.240000 0.511702
0.245000 0.511331
0.250000 0.510965
0.255000 0.510604
0.260000 0.510247
0.265000 0.509894
0.270000 0.509546
0.275000 0.509202
0.280000 0.508863
0.285000 0.508528
0.290000 0.508198
0.295000 0.507871
0.300000 0.507549
0.305000 0.507231
0.310000 0.506918
0.315000 0.506608
0.320000 0.506302
0.325000 0.506001
0.330000 0.505703
0.335000 0.505409
0.340000 0.505119
0.345000 0.504833
0.350000 0.504550
0.355000 0.504272
0.360000 0.503997
0.365000 0.503725
0.370000 0.503458
0.375000 0.503193
0.380000 0.502933
0.385000 0.502676
0.390000 0.502422
0.395000 0.502172
0.400000 0.501925
0.405000 0.501681
0.410000 0.501441
0.415000 0.501204
0.420000 0.500970
0.425000 0.500739
0.430000 0.500511
0.435000 0.500287
0.440000 0.500066
0.445000 0.499847
0.450000 0.499632
0.455000 0.499420
0.460000 0.499210
0.465000 0.499003
0.470000 0.498799
0.475000 0.498598
0.480000 0.498400
0.485000 0.498205
0.490000 0.498012
0.495000 0.497821
0.500000 0.497634
0.505000 0.497449
0.510000 0.497266
0.515000 0.497087
0.520000 0.496909
0.525000 0.496735
0.530000 0.496562
0.535000 0.496392
0.540000 0.496225
0.545000 0.496059
0.550000 0.495896
0.555000 0.495736
0.560000 0.495577
0.565000 0.495421
0.570000 0.495267
0.575000 0.495115
0.580000 0.494966
0.585000 0.494818
0.590000 0.494672
0.595000 0.494529
0.600000 0.494388
0.605000 0.494248
0.610000 0.494111
0.615000 0.493975
0.620000 0.493842
0.625000 0.493710
0.630000 0.493580
0.635000 0.493453
0.640000 0.493326
0.645000 0.493202
0.650000 0.493080
0.655000 0.492959
0.660000 0.492840
0.665000 0.492723
0.670000 0.492607
0.675000 0.492493
0.680000 0.492381
0.685000 0.492270
0.690000 0.492161
0.695000 0.492053
0.700000 0.491947
0.705000 0.491842
0.710000 0.491740
0.715000 0.491638
0.720000 0.491538
0.725000 0.491439
0.730000 0.491342
0.735000 0.491246
0.740000 0.491152
0.745000 0.491059
0.750000 0.490967
0.755000 0.490877
0.760000 0.490788
0.765000 0.490700
0.770000 0.490614
0.775000 0.490528
0.780000 0.490444
0.785000 0.490361
0.790000 0.490280
0.795000 0.490200
0.800000 0.490120
0.805000 0.490042
0.810000 0.489965
0.815000 0.489889
0.820000 0.489815
0.825000 0.489741
0.830000 0.489669
0.835000 0.489597
0.840000 0.489527
0.845000 0.489457
0.850000 0.489389
0.855000 0.489322
0.860000 0.489255
0.865000 0.489190
0.870000 0.489125
0.875000 0.489062
0.880000 0.488999
0.885000 0.488937
0.890000 0.488877
0.895000 0.488817
0.900000 0.488758
0.905000 0.488699
0.910000 0.488642
0.915000 0.488586
0.920000 0.488530
0.925000 0.488475
0.930000 0.488421
0.935000 0.488368
0.940000 0.488316
0.945000 0.488264
0.950000 0.488213
0.955000 0.488163
0.960000 0.488114
0.965000 0.488065
0.970000 0.488017
0.975000 0.487970
0.980000 0.487923
0.985000 0.487877
0.990000 0.487832
0.995000 0.487788
1.000000 0.487744
1.005000 0.487701
1.010000 0.487658
1.015000 0.487616
1.020000 0.487575
1.025000 0.487534
1.030000 0.487494
1.035000 0.487455
1.040000 0.487416
1.045000 0.487377
1.050000 0.487339
1.055000 0.487302
1.060000 0.487266
1.065000 0.487230
1.070000 0.487194
1.075000 0.487159
1.080000 0.487124
1.085000 0.487090
1.090000 0.487057
1.095000 0.487024
1.100000 0.486991
1.105000 0.486959
1.110000 0.486928
1.115000 0.486897
1.120000 0.486866
1.125000 0.486836
1.130000 0.486806
1.135000 0.486777
1.140000 0.486748
1.145000 0.486720
1.150000 0.486692
1.155000 0.486664
1.160000 0.486637
1.165000 0.486610
1.170000 0.486584
1.175000 0.486558
1.180000 0.486532
1.185000 0.486507
1.190000 0.486483
1.195000 0.486458
1.200000 0.486434
1.205000 0.486410
1.210000 0.486387
1.215000 0.486364
1.220000 0.486341
1.225000 0.486319
1.230000 0.486297
1.235000 0.486276
1.240000 0.486254
1.245000 0.486233
1.250000 0.486213
1.255000 0.486192
1.260000 0.486172
1.265000 0.486153
1.270000 0.486133
1.275000 0.486114
1.280000 0.486095
1.285000 0.486077
1.290000 0.486058
1.295000 0.486040
1.300000 0.486023
1.305000 0.486005
1.310000 0.485988
1.315000 0.485971
1.320000 0.485954
1.325000 0.485938
1.330000 0.485922
1.335000 0.485906
1.340000 0.485890
1.345000 0.485875
1.350000 0.485860
1.355000 0.485845
1.360000 0.485830
1.365000 0.485815
1.370000 0.485801
1.375000 0.485787
1.380000 0.485773
1.385000 0.485760
1.390000 0.485746
1.395000 0.485733
1.400000 0.485720
1.405000 0.485707
1.410000 0.485695
1.415000 0.485682
1.420000 0.485670
1.425000 0.485658
1.430000 0.485646
1.435000 0.485635
1.440000 0.485623
1.445000 0.485612
1.450000 0.485601
1.455000 0.485590
1.460000 0.485579
1.465000 0.485569
1.470000 0.485558
1.475000 0.485548
1.480000 0.485538
1.485000 0.485528
1.490000 0.485518
1.495000 0.485509
1.500000 0.485499
1.505000 0.485490
1.510000 0.485481
1.515000 0.485472
1.520000 0.485463
1.525000 0.485454
1.530000 0.485445
1.535000 0.485437
1.540000 0.485429
1.545000 0.485421
1.550000 0.485413
1.555000 0.485405
1.560000 0.485397
1.565000 0.485389
1.570000 0.485382
1.575000 0.485374
1.580000 0.485367
1.585000 0.485360
1.590000 0.485353
1.595000 0.485346
1.600000 0.485339
1.605000 0.485332
1.610000 0.485326
1.615000 0.485319
1.620000 0.485313
1.625000 0.485307
1.630000 0.485301
1.635000 0.485295
1.640000 0.485289
1.645000 0.485283
1.650000 0.485277
1.655000 0.485271
1.660000 0.485266
1.665000 0.485260
1.670000 0.485255
1.675000 0.485250
1.680000 0.485244
1.685000 0.485239
1.690000 0.485234
1.695000 0.485229
1.700000 0.485225
1.705000 0.485220
1.710000 0.485215
1.715000 0.485211
1.720000 0.485206
1.725000 0.485202
1.730000 0.485197
1.735000 0.485193
1.740000 0.485189
1.745000 0.485185
1.750000 0.485181
1.755000 0.485177
1.760000 0.485173
1.765000 0.485169
1.770000 0.485166
1.775000 0.485162
1.780000 0.485158
1.785000 0.485155
1.790000 0.485151
1.795000 0.485148
1.800000 0.485144
1.805000 0.485141
1.810000 0.485138
1.815000 0.485135
1.820000 0.485132
1.825000 0.485129
1.830000 0.485126
1.835000 0.485123
1.840000 0.485120
1.845000 0.485117
1.850000 0.485114
1.855000 0.485112
1.860000 0.485109
1.865000 0.485107
1.870000 0.485104
1.875000 0.485102
1.880000 0.485099
1.885000 0.485097
1.890000 0.485095
1.895000 0.485092
1.900000 0.485090
1.905000 0.485088
1.910000 0.485086
1.915000 0.485084
1.920000 0.485082
1.925000 0.485080
1.930000 0.485078
1.935000 0.485076
1.940000 0.485074
1.945000 0.485072
1.950000 0.485071
1.955000 0.485069
1.960000 0.485067
1.965000 0.485065
1.970000 0.485064
1.975000 0.485062
1.980000 0.485061
1.985000 0.485059
1.990000 0.485058
1.995000 0.485057