-4 6.4483197479203893
-3.9950000000000001 6.448321823126574
-3.9900000000000002 6.4483239146633435
-3.9849999999999999 6.4483260219190459
-3.98 6.4483281442407261
-3.9750000000000001 6.4483302809325354
-3.9700000000000002 6.4483324312540944
-3.9649999999999999 6.4483345944188217
-3.96 6.4483367695922249
-3.9550000000000001 6.4483389558901543
-3.9500000000000002 6.4483411523770293
-3.9449999999999998 6.4483433580640206
-3.9399999999999999 6.4483455719072085
-3.9350000000000001 6.4483477928057056
-3.9300000000000002 6.448350019599749
-3.9249999999999998 6.4483522510687665
-3.9199999999999999 6.4483544859294186
-3.915 6.4483567228336076
-3.9100000000000001 6.4483589603664777
-3.9049999999999998 6.448361197044381
-3.8999999999999999 6.4483634313128375
-3.895 6.448365661544476
-3.8900000000000001 6.4483678860369604
-3.8849999999999998 6.4483701030109195
-3.8799999999999999 6.4483723106078541
-3.875 6.4483745068880607
-3.8700000000000001 6.4483766898285477
-3.8650000000000002 6.4483788573209582
-3.8599999999999999 6.4483810071695116
-3.855 6.4483831370889479
-3.8500000000000001 6.4483852447025098
-3.8450000000000002 6.4483873275399333
-3.8399999999999999 6.4483893830354742
-3.835 6.4483914085259775
-3.8300000000000001 6.4483934012489756
-3.8250000000000002 6.4483953583408429
-3.8199999999999998 6.4483972768349949
-3.8149999999999999 6.4483991536601533
-3.8100000000000001 6.4484009856386706
-3.8050000000000002 6.4484027694849226
-3.7999999999999998 6.4484045018037852
-3.7949999999999999 6.4484061790891873
-3.79 6.4484077977227567
-3.7850000000000001 6.4484093539725578
-3.7799999999999998 6.4484108439919332
-3.7749999999999999 6.4484122638184553
-3.77 6.4484136093729845
-3.7650000000000001 6.4484148764588554
-3.7599999999999998 6.4484160607611809
-3.7549999999999999 6.4484171578462943
-3.75 6.4484181631613229
-3.7450000000000001 6.4484190720339001
-3.7400000000000002 6.4484198796720342
-3.7349999999999999 6.4484205811641129
-3.73 6.4484211714790742
-3.7250000000000001 6.4484216454667251
-3.7199999999999998 6.448421997858226
-3.7149999999999999 6.4484222232667356
-3.71 6.4484223161882186
-3.7050000000000001 6.4484222710024177
-3.7000000000000002 6.4484220819739946
-3.6949999999999998 6.4484217432538307
-3.6899999999999999 6.4484212488804937
-3.6850000000000001 6.4484205927818685
-3.6800000000000002 6.4484197687769411
-3.6749999999999998 6.4484187705777378
-3.6699999999999999 6.448417591791423
-3.665 6.4484162259225313
-3.6600000000000001 6.4484146663753465
-3.6549999999999998 6.4484129064564062
-3.6499999999999999 6.4484109393771334
-3.645 6.448408758256579
-3.6400000000000001 6.4484063561242744
-3.6349999999999998 6.4484037259231695
-3.6299999999999999 6.4484008605126597
-3.625 6.448397752671676
-3.6200000000000001 6.448394395101837
-3.6150000000000002 6.4483907804306355
-3.6099999999999999 6.4483869012146622
-3.605 6.4483827499428283
-3.6000000000000001 6.4483783190395982
-3.5949999999999998 6.4483736008681882
-3.5899999999999999 6.4483685877337376
-3.585 6.4483632718864206
-3.5800000000000001 6.4483576455244869
-3.5750000000000002 6.4483517007972111
-3.5699999999999998 6.4483454298077412
-3.5649999999999999 6.4483388246158073
-3.5600000000000001 6.4483318772403075
-3.5550000000000002 6.4483245796617181
-3.5499999999999998 6.4483169238243265
-3.5449999999999999 6.4483089016382857
-3.54 6.4483005049814359
-3.5350000000000001 6.4482917257009209
-3.5299999999999998 6.4482825556145453
-3.5249999999999999 6.4482729865118937
-3.52 6.4482630101551655
-3.5150000000000001 6.4482526182797386
-3.5099999999999998 6.4482418025944357
-3.5049999999999999 6.4482305547814915
-3.5 6.4482188664961999
-3.4950000000000001 6.4482067293662464
-3.4900000000000002 6.4481941349907101
-3.4849999999999999 6.4481810749387307
-3.48 6.4481675407478427
-3.4750000000000001 6.448153523921957
-3.4699999999999998 6.4481390159290095
-3.4649999999999999 6.4481240081982536
-3.46 6.448108492117222
-3.4550000000000001 6.4480924590283326
-3.4500000000000002 6.4480759002251595
-3.4449999999999998 6.4480588069483709
-3.4399999999999999 6.4480411703813294
-3.4350000000000001 6.4480229816453729
-3.4299999999999997 6.4480042317947746
-3.4249999999999998 6.4479849118113961
-3.4199999999999999 6.4479650125990364
-3.415 6.4479445249774923
-3.4100000000000001 6.4479234396763401
-3.4050000000000002 6.4479017473284426
-3.3999999999999999 6.4478794384632083
-3.395 6.4478565034995956
-3.3900000000000001 6.4478329327388924
-3.3849999999999998 6.4478087163572697
-3.3799999999999999 6.4477838443981392
-3.375 6.4477583067643067
-3.3700000000000001 6.4477320932099591
-3.3650000000000002 6.4477051933324718
-3.3599999999999999 6.4476775965640813
-3.355 6.4476492921634039
-3.3500000000000001 6.4476202692068405
-3.3449999999999998 6.447590516579865
-3.3399999999999999 6.4475600229682106
-3.335 6.4475287768489773
-3.3300000000000001 6.4474967664816552
-3.3250000000000002 6.4474639798990907
-3.3199999999999998 6.4474304048983955
-3.3149999999999999 6.4473960290318191
-3.3100000000000001 6.4473608395975806
-3.3049999999999997 6.4473248236306882
-3.2999999999999998 6.4472879678937316
-3.2949999999999999 6.4472502588676806
-3.29 6.4472116827426795
-3.2850000000000001 6.4471722254088455
-3.2800000000000002 6.447131872447093
-3.2749999999999999 6.4470906091199645
-3.27 6.4470484203624965
-3.2650000000000001 6.4470052907731139
-3.2599999999999998 6.4469612046045546
-3.2549999999999999 6.4469161457548312
-3.25 6.4468700977582385
-3.2450000000000001 6.4468230437763934
-3.2400000000000002 6.4467749665893281
-3.2349999999999999 6.4467258485866221
-3.23 6.4466756717585803
-3.2250000000000001 6.4466244176874632
-3.2199999999999998 6.4465720675387548
-3.2149999999999999 6.4465186020524827
-3.21 6.446464001534582
-3.2050000000000001 6.4464082458483016
-3.2000000000000002 6.4463513144056543
-3.1949999999999998 6.4462931861589103
-3.1899999999999999 6.4462338395921277
-3.1850000000000001 6.44617325271272
-3.1799999999999997 6.4461114030430613
-3.1749999999999998 6.4460482676121256
-3.1699999999999999 6.4459838229471549
-3.165 6.4459180450653539
-3.1600000000000001 6.4458509094656149
-3.1550000000000002 6.4457823911202663
-3.1499999999999999 6.4457124644668342
-3.145 6.4456411033998311
-3.1400000000000001 6.4455682812625579
-3.1349999999999998 6.4454939708389132
-3.1299999999999999 6.445418144345223
-3.125 6.4453407734220685
-3.1200000000000001 6.4452618291261281
-3.1150000000000002 6.4451812819220198
-3.1099999999999999 6.445099101674141
-3.105 6.4450152576385156
-3.1000000000000001 6.4449297184546364
-3.0949999999999998 6.4448424521372969
-3.0899999999999999 6.4447534260684298
-3.085 6.4446626069889295
-3.0800000000000001 6.444569960990469
-3.0750000000000002 6.4444754535073088
-3.0699999999999998 6.4443790493080977
-3.0649999999999999 6.4442807124876582
-3.0600000000000001 6.4441804064587656
-3.0549999999999997 6.4440780939439151
-3.0499999999999998 6.4439737369670764
-3.0449999999999999 6.4438672968454371
-3.04 6.4437587341811398
-3.0350000000000001 6.4436480088530015
-3.0300000000000002 6.4435350800082318
-3.0249999999999999 6.4434199060541362
-3.02 6.4433024446498157
-3.0150000000000001 6.4431826526978613
-3.0099999999999998 6.4430604863360372
-3.0049999999999999 6.4429359009289744
-3 6.4428088510598496
-2.9950000000000001 6.442679290522074
-2.9900000000000002 6.4425471723109853
-2.9849999999999999 6.442412448615543
-2.98 6.4422750708100347
-2.9750000000000001 6.4421349894457958
-2.9699999999999998 6.4419921542429375
-2.9649999999999999 6.4418465140821048
-2.96 6.441698016996245
-2.9550000000000001 6.4415466101624084
-2.9500000000000002 6.4413922398935748
-2.9450000000000003 6.4412348516305116
-2.9399999999999999 6.4410743899336786
-2.9350000000000001 6.4409107984751577
-2.9299999999999997 6.4407440200306443
-2.9249999999999998 6.4405739964714819
-2.9199999999999999 6.4404006687567454
-2.915 6.4402239769254015
-2.9100000000000001 6.4400438600885161
-2.9050000000000002 6.4398602564215395
-2.8999999999999999 6.4396731031566681
-2.895 6.4394823365752822
-2.8899999999999997 6.4392878920004746
-2.8849999999999998 6.4390897037896639
-2.8799999999999999 6.4388877053273124
-2.875 6.4386818290177397
-2.8700000000000001 6.4384720062780501
-2.8650000000000002 6.4382581675311732
-2.8599999999999999 6.4380402421990217
-2.855 6.437818158695781
-2.8499999999999996 6.4375918444213278
-2.8449999999999998 6.4373612257547892
-2.8399999999999999 6.4371262280482435
-2.835 6.4368867756205805
-2.8300000000000001 6.4366427917515097
-2.8250000000000002 6.4363941986757389
-2.8200000000000003 6.4361409175773208
-2.8149999999999999 6.4358828685841791
-2.8100000000000001 6.4356199707628106
-2.8049999999999997 6.4353521421131878
-2.7999999999999998 6.4350792995638466
-2.7949999999999999 6.4348013589671842
-2.79 6.434518235094961
-2.7850000000000001 6.4342298416340196
-2.7800000000000002 6.4339360911822228
-2.7749999999999999 6.4336368952446223
-2.77 6.4333321642298555
-2.7649999999999997 6.4330218074467895
-2.7599999999999998 6.4327057331013986
-2.7549999999999999 6.4323838482939086
-2.75 6.4320560590161815
-2.7450000000000001 6.4317222701493755
-2.7400000000000002 6.431382385461867
-2.7349999999999999 6.431036307607445
-2.73 6.4306839381237877
-2.7249999999999996 6.4303251774312207
-2.7199999999999998 6.4299599248317616
-2.7149999999999999 6.4295880785084627
-2.71 6.4292095355250423
-2.7050000000000001 6.4288241918258286
-2.7000000000000002 6.4284319422360001
-2.6950000000000003 6.4280326804621373
-2.6899999999999999 6.4276262990930935
-2.6850000000000001 6.4272126896011681
-2.6799999999999997 6.4267917423436174
-2.6749999999999998 6.4263633465644654
-2.6699999999999999 6.4259273903966578
-2.665 6.4254837608645285
-2.6600000000000001 6.4250323438866008
-2.6550000000000002 6.424573024278712
-2.6499999999999999 6.4241056857574721
-2.645 6.4236302109440491
-2.6399999999999997 6.4231464813682893
-2.6349999999999998 6.422654377473159
-2.6299999999999999 6.4221537786195269
-2.625 6.4216445630912622
-2.6200000000000001 6.4211266081006668
-2.6150000000000002 6.4205997897942311
-2.6099999999999999 6.4200639832587107
-2.605 6.4195190625275185
-2.5999999999999996 6.4189649005874356
-2.5949999999999998 6.4184013693856317
-2.5899999999999999 6.4178283398369906
-2.585 6.4172456818317354
-2.5800000000000001 6.4166532642433527
-2.5750000000000002 6.4160509549367992
-2.5700000000000003 6.4154386207769916
-2.5649999999999999 6.4148161276375708
-2.5600000000000001 6.4141833404099309
-2.5549999999999997 6.4135401230124973
-2.5499999999999998 6.4128863384002637
-2.5449999999999999 6.4122218485745464
-2.54 6.4115465145929802
-2.5350000000000001 6.4108601965797103
-2.5300000000000002 6.4101627537357952
-2.5249999999999999 6.4094540443497889
-2.52 6.4087339258084937
-2.5149999999999997 6.4080022546078661
-2.5099999999999998 6.4072588863640734
-2.5049999999999999 6.4065036758246556
-2.5 6.405736476879806
-2.4950000000000001 6.4049571425737302
-2.4900000000000002 6.4041655251160705
-2.4849999999999999 6.4033614758933801
-2.48 6.4025448454806124
-2.4749999999999996 6.4017154836526204
-2.4699999999999998 6.4008732393956258
-2.4649999999999999 6.4000179609186407
-2.46 6.3991494956648145
-2.4550000000000001 6.3982676903226849
-2.4500000000000002 6.3973723908372886
-2.4450000000000003 6.3964634424211226
-2.4399999999999999 6.3955406895649052
-2.4350000000000001 6.3946039760481277
-2.4299999999999997 6.3936531449493339
-2.4249999999999998 6.3926880386561233
-2.4199999999999999 6.3917084988748192
-2.415 6.3907143666397763
-2.4100000000000001 6.3897054823222819
-2.4050000000000002 6.3886816856390158
-2.3999999999999999 6.3876428156600218
-2.395 6.3865887108161505
-2.3899999999999997 6.3855192089059241
-2.3849999999999998 6.384434147101782
-2.3799999999999999 6.3833333619556489
-2.375 6.3822166894037835
-2.3700000000000001 6.3810839647708502
-2.3650000000000002 6.3799350227731599
-2.3599999999999999 6.3787696975210162
-2.355 6.3775878225201232
-2.3499999999999996 6.3763892306719807
-2.3449999999999998 6.3751737542731979
-2.3399999999999999 6.3739412250136818
-2.335 6.3726914739735996
-2.3300000000000001 6.3714243316190808
-2.3250000000000002 6.3701396277965454
-2.3200000000000003 6.3688371917256106
-2.3149999999999999 6.3675168519904863
-2.3100000000000001 6.3661784365297693
-2.3049999999999997 6.3648217726245599
-2.2999999999999998 6.3634466868848101
-2.2949999999999999 6.3620530052337978
-2.29 6.3606405528906516
-2.2850000000000001 6.359209154350804
-2.2800000000000002 6.3577586333642904
-2.2749999999999999 6.3562888129117612
-2.27 6.3547995151781169
-2.2649999999999997 6.3532905615236404
-2.2599999999999998 6.3517617724525
-2.2549999999999999 6.3502129675785106
-2.25 6.348643965588014
-2.2450000000000001 6.3470545841997419
-2.2400000000000002 6.3454446401215305
-2.2349999999999999 6.343813949003736
-2.23 6.342162325389201
-2.2249999999999996 6.3404895826596208
-2.2199999999999998 6.3387955329781391
-2.2149999999999999 6.3370799872280257
-2.21 6.3353427549472388
-2.2050000000000001 6.3335836442587237
-2.2000000000000002 6.331802461796241
-2.1950000000000003 6.3299990126255468
-2.1899999999999999 6.3281731001607309
-2.1850000000000001 6.3263245260755188
-2.1799999999999997 6.3244530902093112
-2.1749999999999998 6.3225585904677795
-2.1699999999999999 6.3206408227177846
-2.165 6.3186995806763964
-2.1600000000000001 6.3167346557938044
-2.1550000000000002 6.3147458371298759
-2.1499999999999999 6.312732911224133
-2.145 6.3106956619589187
-2.1399999999999997 6.308633870415508
-2.1349999999999998 6.3065473147229207
-2.1299999999999999 6.3044357698992046
-2.125 6.3022990076849359
-2.1200000000000001 6.3001367963687107
-2.1150000000000002 6.2979489006043776
-2.1099999999999999 6.2957350812197861
-2.105 6.293495095016822
-2.0999999999999996 6.2912286945625047
-2.0949999999999998 6.2889356279709494
-2.0899999999999999 6.2866156386759791
-2.085 6.2842684651942253
-2.0800000000000001 6.2818938408785217
-2.0750000000000002 6.2794914936614896
-2.0700000000000003 6.277061145789153
-2.0649999999999999 6.2746025135445231
-2.0600000000000001 6.272115306961088
-2.0549999999999997 6.2695992295261735
-2.0499999999999998 6.2670539778742356
-2.0449999999999999 6.2644792414701138
-2.04 6.2618747022824151
-2.0350000000000001 6.2592400344471955
-2.0300000000000002 6.2565749039222114
-2.0249999999999999 6.253878968132077
-2.02 6.251151875604755
-2.0149999999999997 6.2483932655998986
-2.0099999999999998 6.2456027677296788
-2.0049999999999999 6.2427800015728252
-2 6.2399245762827578
-1.9950000000000001 6.2370360901908199
-1.9899999999999998 6.2341141304057563
-1.9849999999999999 6.2311582724107666
-1.98 6.2281680796596222
-1.9750000000000001 6.2251431031735436
-1.9699999999999998 6.2220828811407216
-1.9649999999999999 6.2189869385205814
-1.96 6.2158547866551581
-1.9550000000000001 6.2126859228901434
-1.9500000000000002 6.209479830208477
-1.9449999999999998 6.2062359768795856
-1.9399999999999999 6.2029538161277173
-1.9350000000000001 6.1996327858230424
-1.9300000000000002 6.1962723081995907
-1.9249999999999998 6.1928717896043333
-1.9199999999999999 6.189430620282117
-1.915 6.1859481742014237
-1.9100000000000001 6.1824238089263233
-1.9049999999999998 6.1788568655402738
-1.8999999999999999 6.1752466686277625
-1.895 6.1715925263201106
-1.8900000000000001 6.1678937304120343
-1.8849999999999998 6.1641495565558468
-1.8799999999999999 6.1603592645404266
-1.875 6.1565220986622728
-1.8700000000000001 6.1526372881961571
-1.8649999999999998 6.148704047972938
-1.8599999999999999 6.1447215790722032
-1.855 6.1406890696373111
-1.8500000000000001 6.1366056958203288
-1.8449999999999998 6.1324706228641146
-1.8399999999999999 6.1282830063284681
-1.835 6.1240419934668431
-1.8300000000000001 6.1197467247594943
-1.8249999999999997 6.1153963356082581
-1.8199999999999998 6.110989958197238
-1.8149999999999999 6.1065267235226566
-1.8100000000000001 6.1020057635939233
-1.8050000000000002 6.0974262138065773
-1.7999999999999998 6.0927872154861964
-1.7949999999999999 6.0880879186006558
-1.79 6.0833274846361558
-1.7850000000000001 6.0785050896304282
-1.7799999999999998 6.0736199273542217
-1.7749999999999999 6.0686712126298614
-1.77 6.0636581847731312
-1.7650000000000001 6.0585801111422022
-1.7599999999999998 6.0534362907746431
-1.7549999999999999 6.0482260580909148
-1.75 6.0429487866401237
-1.7450000000000001 6.0376038928612052
-1.7399999999999998 6.0321908398303146
-1.7349999999999999 6.0267091409628923
-1.73 6.0211583636368715
-1.7250000000000001 6.0155381327017476
-1.7199999999999998 6.009848133836881
-1.7149999999999999 6.0040881167214133
-1.71 5.9982578979777177
-1.7050000000000001 5.992357363850342
-1.6999999999999997 5.9863864725829927
-1.6949999999999998 5.980345256457313
-1.6899999999999999 5.9742338234590511
-1.6850000000000001 5.9680523585396568
-1.6800000000000002 5.9618011244444578
-1.6749999999999998 5.9554804620822503
-1.6699999999999999 5.9490907904154717
-1.665 5.9426326058549082
-1.6600000000000001 5.936106481148224
-1.6549999999999998 5.9295130637572502
-1.6499999999999999 5.92285307372501
-1.645 5.9161273010395714
-1.6400000000000001 5.9093366025081595
-1.6349999999999998 5.9024818981611382
-1.6299999999999999 5.8955641672115613
-1.625 5.8885844436017862
-1.6200000000000001 5.8815438111740468
-1.6149999999999998 5.8744433985067452
-1.6099999999999999 5.8672843734625246
-1.605 5.8600679374977434
-1.6000000000000001 5.8527953197857974
-1.5949999999999998 5.8454677712087229
-1.5899999999999999 5.8380865582726598
-1.585 5.8306529570029983
-1.5800000000000001 5.8231682468744754
-1.5749999999999997 5.8156337048300566
-1.5699999999999998 5.8080505994402092
-1.5649999999999999 5.8004201852512578
-1.5600000000000001 5.792743697367948
-1.5550000000000002 5.7850223463111714
-1.5499999999999998 5.7772573131872456
-1.5449999999999999 5.7694497452001716
-1.54 5.7616007515331145
-1.5350000000000001 5.7537113996199913
-1.5299999999999998 5.745782711822728
-1.5249999999999999 5.737815662524385
-1.52 5.7298111756432366
-1.5150000000000001 5.7217701225679649
-1.5099999999999998 5.7136933205095151
-1.5049999999999999 5.7055815312608962
-1.5 5.6974354603524171
-1.4950000000000001 5.6892557565863955
-1.4899999999999998 5.6810430119325144
-1.4849999999999999 5.6727977617624932
-1.48 5.6645204854008027
-1.4750000000000001 5.6562116069666324
-1.4699999999999998 5.6478714964812511
-1.4649999999999999 5.6395004712142756
-1.46 5.6310987972421032
-1.4550000000000001 5.6226666911918866
-1.4499999999999997 5.6142043221448548
-1.4449999999999998 5.6057118136734942
-1.4399999999999999 5.5971892459880479
-1.4350000000000001 5.588636658168963
-1.4300000000000002 5.5800540504631977
-1.4249999999999998 5.5714413866237535
-1.4199999999999999 5.5627985962733275
-1.415 5.5541255772745313
-1.4100000000000001 5.5454221980907672
-1.4049999999999998 5.536688300123453
-1.3999999999999999 5.5279237000128703
-1.395 5.519128191891471
-1.3900000000000001 5.5103015495799994
-1.3849999999999998 5.5014435287181769
-1.3799999999999999 5.4925538688230962
-1.375 5.4836322952697074
-1.3700000000000001 5.4746785211889799
-1.3649999999999998 5.4656922492804059
-1.3599999999999999 5.4566731735364966
-1.355 5.4476209808778169
-1.3500000000000001 5.4385353526979321
-1.3449999999999998 5.429415966318329
-1.3399999999999999 5.4202624963540158
-1.335 5.4110746159910352
-1.3300000000000001 5.4018519981776292
-1.3249999999999997 5.3925943167311532
-1.3199999999999998 5.3833012473631854
-1.3149999999999999 5.3739724686255386
-1.3100000000000001 5.364607662780112
-1.3050000000000002 5.3552065165956551
-1.2999999999999998 5.3457687220746548
-1.2949999999999999 5.3362939771136277
-1.29 5.3267819861001229
-1.2850000000000001 5.3172324604497883
-1.2799999999999998 5.307645119086791
-1.2749999999999999 5.2980196888708857
-1.27 5.2883559049743187
-1.2650000000000001 5.278653511211723
-1.2599999999999998 5.2689122603260374
-1.2549999999999999 5.259131914233409
-1.25 5.2493122442298947
-1.2450000000000001 5.2394530311626957
-1.2399999999999998 5.2295540655685304
-1.2349999999999999 5.2196151477816146
-1.23 5.2096360880136015
-1.2250000000000001 5.1996167064077241
-1.2199999999999998 5.1895568330692443
-1.2149999999999999 5.1794563080741876
-1.21 5.1693149814582426
-1.2050000000000001 5.1591327131875699
-1.1999999999999997 5.148909373113165
-1.1949999999999998 5.1386448409103149
-1.1899999999999999 5.1283390060045564
-1.1850000000000001 5.1179917674854831
-1.1800000000000002 5.107603034009645
-1.1749999999999998 5.0971727236936477
-1.1699999999999999 5.0867007639985591
-1.165 5.076187091606557
-1.1600000000000001 5.065631652290751
-1.1549999999999998 5.0550344007789993
-1.1499999999999999 5.0443953006124742
-1.145 5.0337143239996873
-1.1400000000000001 5.0229914516666208
-1.1349999999999998 5.0122266727035241
-1.1299999999999999 5.0014199844089529
-1.125 4.99057139213149
-1.1200000000000001 4.9796809091096348
-1.1149999999999998 4.9687485563102323
-1.1099999999999999 4.9577743622658277
-1.105 4.9467583629112557
-1.1000000000000001 4.9357006014197831
-1.0949999999999998 4.9246011280390585
-1.0899999999999999 4.9134599999271193
-1.085 4.902277280988665
-1.0800000000000001 4.8910530417117899
-1.0749999999999997 4.8797873590053573
-1.0699999999999998 4.8684803160371715
-1.0649999999999999 4.8571320020730502
-1.0600000000000001 4.8457425123169795
-1.0550000000000002 4.8343119477523944
-1.0499999999999998 4.8228404149847259
-1.0449999999999999 4.8113280260852829
-1.04 4.7997748984365218
-1.0350000000000001 4.7881811545787967
-1.0299999999999998 4.7765469220586354
-1.0249999999999999 4.7648723332785758
-1.02 4.7531575253486151
-1.0150000000000001 4.7414026399393085
-1.0099999999999998 4.7296078231365355
-1.0049999999999999 4.717773225297976
-1 4.7058990009112893
-0.99500000000000011 4.6939853084540459
-0.98999999999999977 4.6820323102554022
-0.98499999999999988 4.6700401723595393
-0.97999999999999998 4.658009064390864
-0.97500000000000009 4.6459391594210047
-0.96999999999999975 4.6338306338375679
-0.96499999999999986 4.621683667214703
-0.95999999999999996 4.6094984421854335
-0.95500000000000007 4.5972751443157929
-0.94999999999999973 4.5850139619807457
-0.94499999999999984 4.5727150862418986
-0.93999999999999995 4.5603787107269902
-0.93500000000000005 4.5480050315111908
-0.92999999999999972 4.5355942470001613
-0.92499999999999982 4.5231465578149166
-0.91999999999999993 4.5106621666784568
-0.91500000000000004 4.4981412783041845
-0.91000000000000014 4.4855840992860951
-0.9049999999999998 4.4729908379907437
-0.89999999999999991 4.4603617044509853
-0.89500000000000002 4.4476969102614747
-0.89000000000000012 4.4349966684759448
-0.88499999999999979 4.4222611935062393
-0.87999999999999989 4.4094907010231141
-0.875 4.3966854078587927
-0.87000000000000011 4.3838455319112777
-0.86499999999999977 4.3709712920504167
-0.85999999999999988 4.3580629080257234
-0.85499999999999998 4.3451206003759397
-0.85000000000000009 4.332144590340345
-0.84499999999999975 4.3191350997718114
-0.83999999999999986 4.3060923510515972
-0.83499999999999996 4.2930165670058731
-0.83000000000000007 4.2799079708239836
-0.82499999999999973 4.2667667859784384
-0.81999999999999984 4.2535932361466333
-0.81499999999999995 4.2403875451342818
-0.81000000000000005 4.2271499368005703
-0.80499999999999972 4.2138806349850313
-0.79999999999999982 4.2005798634361202
-0.79499999999999993 4.1872478457414868
-0.79000000000000004 4.1738848052599566
-0.78500000000000014 4.1604909650551969
-0.7799999999999998 4.1470665478310682
-0.77499999999999991 4.1336117758686584
-0.77000000000000002 4.1201268709649765
-0.76500000000000012 4.1066120543733264
-0.75999999999999979 4.0930675467453188
-0.75499999999999989 4.0794935680745485
-0.75 4.06589033764189
-0.74500000000000011 4.0522580739624354
-0.73999999999999977 4.0385969947340499
-0.73499999999999988 4.0249073167875302
-0.72999999999999998 4.0111892560383611
-0.72500000000000009 3.9974430274400632
-0.71999999999999975 3.9836688449391073
-0.71499999999999986 3.9698669214313997
-0.70999999999999996 3.9560374687203042
-0.70500000000000007 3.9421806974762084
-0.69999999999999973 3.9282968171976074
-0.69499999999999984 3.9143860361737017
-0.68999999999999995 3.9004485614484694
-0.68500000000000005 3.8864845987862346
-0.67999999999999972 3.872494352638685
-0.67499999999999982 3.8584780261133398
-0.66999999999999993 3.8444358209434353
-0.66500000000000004 3.8303679374592345
-0.66000000000000014 3.8162745745607189
-0.6549999999999998 3.8021559296916583
-0.64999999999999991 3.7880121988150379
-0.64500000000000002 3.7738435763898202
-0.64000000000000012 3.7596502553490234
-0.63499999999999979 3.7454324270791006
-0.62999999999999989 3.7311902814006026
-0.625 3.716924006550081
-0.62000000000000011 3.7026337891632464
-0.61499999999999977 3.688319814259335
-0.60999999999999988 3.6739822652266731
-0.60499999999999998 3.6596213238094055
-0.60000000000000009 3.6452371700953896
-0.59499999999999975 3.6308299825052059
-0.58999999999999986 3.6163999377822904
-0.58499999999999996 3.6019472109841311
-0.58000000000000007 3.5874719754745508
-0.57499999999999973 3.5729744029170067
-0.56999999999999984 3.5584546632689285
-0.56499999999999995 3.5439129247770276
-0.56000000000000005 3.5293493539735952
-0.55499999999999972 3.5147641156737373
-0.54999999999999982 3.500157372973538
-0.54499999999999993 3.4855292872491201
-0.54000000000000004 3.4708800181565862
-0.53500000000000014 3.4562097236328109
-0.5299999999999998 3.4415185598970632
-0.52499999999999991 3.4268066814534444
-0.52000000000000002 3.4120742410940905
-0.51500000000000012 3.3973213899031576
-0.50999999999999979 3.3825482772615274
-0.50499999999999989 3.3677550508522396
-0.5 3.3529418566666025
-0.49500000000000011 3.338108839010983
-0.48999999999999977 3.3232561405142325
-0.48499999999999988 3.3083839021357515
-0.47999999999999998 3.2934922631741301
-0.47500000000000009 3.2785813612763888
-0.46999999999999975 3.2636513324477638
-0.46499999999999986 3.2487023110620314
-0.45999999999999996 3.2337344298723405
-0.45500000000000007 3.2187478200225379
-0.44999999999999973 3.2037426110589649
-0.44499999999999984 3.1887189309427058
-0.43999999999999995 3.1736769060622505
-0.43500000000000005 3.1586166612465831
-0.42999999999999972 3.1435383197786435
-0.42499999999999982 3.1284420034091704
-0.41999999999999993 3.1133278323708744
-0.41500000000000004 3.098195925392957
-0.41000000000000014 3.0830463997159279
-0.4049999999999998 3.0678793711067209
-0.39999999999999991 3.0526949538740817
-0.39500000000000002 3.0374932608842005
-0.39000000000000012 3.0222744035765969
-0.38499999999999979 3.0070384919802122
-0.37999999999999989 2.9917856347297178
-0.375 2.9765159390819904
-0.37000000000000011 2.9612295109327795
-0.36499999999999977 2.9459264548335113
-0.35999999999999988 2.930606874008244
-0.35499999999999998 2.9152708703707364
-0.35000000000000009 2.8999185445416282
-0.34499999999999975 2.8845499958657217
-0.33999999999999986 2.8691653224293359
-0.33499999999999996 2.8537646210777252
-0.33000000000000007 2.8383479874325586
-0.32499999999999973 2.8229155159094335
-0.31999999999999984 2.8074672997354235
-0.31499999999999995 2.7920034309666284
-0.31000000000000005 2.7765240005057468
-0.30499999999999972 2.7610290981196193
-0.29999999999999982 2.7455188124567749
-0.29499999999999993 2.729993231064928
-0.29000000000000004 2.7144524404084458
-0.28500000000000014 2.6988965258857642
-0.2799999999999998 2.6833255718467397
-0.27499999999999991 2.6677396616099442
-0.27000000000000002 2.652138877479858
-0.26500000000000012 2.6365233007640012
-0.25999999999999979 2.6208930117899558
-0.25499999999999989 2.6052480899222901
-0.25 2.5895886135793691
-0.24500000000000011 2.5739146602500456
-0.23999999999999977 2.5582263065102349
-0.23499999999999988 2.5425236280393526
-0.22999999999999998 2.5268066996366088
-0.22500000000000009 2.5110755952371684
-0.21999999999999975 2.4953303879281594
-0.21499999999999986 2.4795711499645243
-0.20999999999999996 2.4637979527847089
-0.20500000000000007 2.4480108670261926
-0.19999999999999973 2.4322099625408482
-0.19499999999999984 2.4163953084101264
-0.18999999999999995 2.4005669729600605
-0.18500000000000005 2.3847250237760953
-0.17999999999999972 2.3688695277177296
-0.17499999999999982 2.3530005509329728
-0.16999999999999993 2.3371181588726038
-0.16500000000000004 2.3212224163042436
-0.16000000000000014 2.3053133873262341
-0.1549999999999998 2.2893911353813077
-0.14999999999999991 2.2734557232700774
-0.14500000000000002 2.2575072131642968
-0.14000000000000012 2.2415456666199445
-0.13499999999999979 2.2255711445900856
-0.12999999999999989 2.2095837074375422
-0.125 2.1935834149473377
-0.12000000000000011 2.1775703263389539
-0.11499999999999977 2.1615445002783686
-0.10999999999999988 2.1455059948898909
-0.10499999999999998 2.1294548677677807
-0.10000000000000009 2.1133911759876653
-0.094999999999999751 2.0973149761177465
-0.089999999999999858 2.0812263242298012
-0.084999999999999964 2.0651252759099696
-0.080000000000000071 2.0490118862693354
-0.074999999999999734 2.0328862099543068
-0.06999999999999984 2.0167483011567917
-0.064999999999999947 2.0005982136241527
-0.060000000000000053 1.9844360006689765
-0.054999999999999716 1.9682617151786301
-0.049999999999999822 1.9520754096246244
-0.044999999999999929 1.9358771360717657
-0.040000000000000036 1.9196669461871179
-0.034999999999999698 1.9034448912487643
-0.029999999999999805 1.8872110221543805
-0.024999999999999911 1.8709653894295997
-0.020000000000000018 1.8547080432361982
-0.015000000000000124 1.8384390333800911
-0.0099999999999997868 1.8221584093191299
-0.0049999999999998934 1.805866220170731
0 1.7895625147193033
0.0049999999999998934 1.7732473414235017
0.0099999999999997868 1.7569207484233054
0.01499999999999968 1.7405827835469132
0.020000000000000462 1.7242334943174651
0.025000000000000355 1.7078729279596017
0.030000000000000249 1.6915011314058279
0.035000000000000142 1.6751181513027409
0.040000000000000036 1.6587240340170706
0.044999999999999929 1.6423188256415682
0.049999999999999822 1.6259025720007303
0.054999999999999716 1.6094753186563679
0.060000000000000497 1.5930371109130168
0.065000000000000391 1.5765879938232104
0.070000000000000284 1.5601280121925716
0.075000000000000178 1.5436572105847914
0.080000000000000071 1.5271756333264441
0.084999999999999964 1.5106833245116678
0.089999999999999858 1.4941803280066979
0.094999999999999751 1.4776666874542759
0.099999999999999645 1.4611424462779126
0.10500000000000043 1.4446076476860248
0.11000000000000032 1.4280623346759558
0.11500000000000021 1.4115065500378379
0.12000000000000011 1.3949403363583643
0.125 1.3783637360244247
0.12999999999999989 1.3617767912266234
0.13499999999999979 1.3451795439626846
0.13999999999999968 1.3285720360407443
0.14500000000000046 1.3119543090825254
0.15000000000000036 1.2953264045264217
0.15500000000000025 1.2786883636304491
0.16000000000000014 1.2620402274751183
0.16500000000000004 1.2453820369661981
0.16999999999999993 1.2287138328373761
0.17499999999999982 1.2120356556528316
0.17999999999999972 1.1953475458097058
0.1850000000000005 1.17864954354049
0.19000000000000039 1.1619416889153267
0.19500000000000028 1.1452240218442069
0.20000000000000018 1.1284965820791009
0.20500000000000007 1.1117594092160046
0.20999999999999996 1.0950125426969002
0.21499999999999986 1.0782560218116424
0.21999999999999975 1.0614898856997681
0.22499999999999964 1.0447141733522374
0.23000000000000043 1.0279289236130933
0.23500000000000032 1.0111341751810727
0.24000000000000021 0.99432996661112094
0.24500000000000011 0.97751633631586432
0.25 0.96069332256701434
0.25499999999999989 0.94386096349670523
0.25999999999999979 0.92701929709877884
0.26499999999999968 0.91016836123000566
0.27000000000000046 0.89330819361125391
0.27500000000000036 0.87643883182861582
0.28000000000000025 0.85956031333445249
0.28500000000000014 0.84267267544841773
0.29000000000000004 0.82577595535842307
0.29499999999999993 0.80887019012154959
0.29999999999999982 0.79195541666492497
0.30499999999999972 0.77503167178655041
0.3100000000000005 0.75809899215608234
0.31500000000000039 0.74115741431559223
0.32000000000000028 0.72420697468025319
0.32500000000000018 0.70724770953902127
0.33000000000000007 0.69027965505526723
0.33499999999999996 0.673302847267371
0.33999999999999986 0.6563173220892865
0.34499999999999975 0.63932311531107566
0.35000000000000053 0.62232026259940576
0.35500000000000043 0.60530879949803029
0.36000000000000032 0.58828876142821795
0.36500000000000021 0.57126018368917941
0.37000000000000011 0.55422310145845188
0.375 0.53717754979226828
0.37999999999999989 0.52012356362589562
0.38499999999999979 0.5030611777739552
0.38999999999999968 0.48599042693071953
0.39500000000000046 0.46891134567038584
0.40000000000000036 0.45182396844734429
0.40500000000000025 0.43472832959640106
0.41000000000000014 0.41762446333300701
0.41500000000000004 0.40051240375346481
0.41999999999999993 0.38339218483510989
0.42499999999999982 0.36626384043648924
0.42999999999999972 0.34912740429751932
0.4350000000000005 0.33198291003962738
0.44000000000000039 0.31483039116589839
0.44500000000000028 0.29766988106117936
0.45000000000000018 0.28050141299219694
0.45500000000000007 0.26332502010766323
0.45999999999999996 0.24614073543835929
0.46499999999999986 0.22894859189721803
0.46999999999999975 0.21174862227940178
0.47500000000000053 0.19454085926236228
0.48000000000000043 0.17732533540590956
0.48500000000000032 0.16010208315225036
0.49000000000000021 0.14287113482604372
0.49500000000000011 0.1256325226344415
0.5 0.10838627866712283
0.50499999999999989 0.09113243489632665
0.50999999999999979 0.07387102317688235
0.51499999999999968 0.056602075246229816
0.52000000000000046 0.039325622724444724
0.52500000000000036 0.022041697114265606
0.53000000000000025 0.0047503298010951184
0.53500000000000014 -0.012548447946971802
0.54000000000000004 -0.029854604979134246
0.54499999999999993 -0.047168110261875826
0.54999999999999982 -0.064488932878946567
0.55499999999999972 -0.081817042031350817
0.5600000000000005 -0.099152407037339241
0.56500000000000039 -0.11649499733237753
0.57000000000000028 -0.13384478246915457
0.57500000000000018 -0.15120173211755233
0.58000000000000007 -0.16856581606462975
0.58499999999999996 -0.1859370042146081
0.58999999999999986 -0.20331526658884619
0.59499999999999975 -0.22070057332581847
0.60000000000000053 -0.23809289468109399
0.60500000000000043 -0.25549220102729603
0.61000000000000032 -0.27289846285409008
0.61500000000000021 -0.29031165076813681
0.62000000000000011 -0.3077317354930591
0.625 -0.32515868786940549
0.62999999999999989 -0.34259247885460103
0.63499999999999979 -0.36003307952290614
0.63999999999999968 -0.3774804610653637
0.64500000000000046 -0.39493459478974585
0.65000000000000036 -0.41239545212048734
0.65500000000000025 -0.42986300459863941
0.66000000000000014 -0.44733722388179087
0.66500000000000004 -0.46481808174400019
0.66999999999999993 -0.48230555007572062
0.67499999999999982 -0.49979960088372211
0.67999999999999972 -0.51730020629100304
0.6850000000000005 -0.53480733853670825
0.69000000000000039 -0.55232096997602098
0.69500000000000028 -0.56984107308008536
0.70000000000000018 -0.58736762043588686
0.70500000000000007 -0.60490058474615283
0.70999999999999996 -0.62243993882923521
0.71499999999999986 -0.63998565561899534
0.71999999999999975 -0.65753770816468204
0.72500000000000053 -0.67509606963080326
0.73000000000000043 -0.69266071329698753
0.73500000000000032 -0.71023161255785816
0.74000000000000021 -0.72780874092288483
0.74500000000000011 -0.74539207201623348
0.75 -0.76298157957661972
0.75499999999999989 -0.78057723745714591
0.75999999999999979 -0.79817901962514459
0.76499999999999968 -0.81578690016200506
0.77000000000000046 -0.8334008532630085
0.77500000000000036 -0.85102085323713905
0.78000000000000025 -0.8686468745069158
0.78500000000000014 -0.88627889160819751
0.79000000000000004 -0.90391687918999353
0.79499999999999993 -0.92156081201426587
0.79999999999999982 -0.93921066495572714
0.80499999999999972 -0.95686641300163833
0.8100000000000005 -0.97452803125159626
0.81500000000000039 -0.9921954949173093
0.82000000000000028 -1.0098687793223944
0.82500000000000018 -1.0275478599021401
0.83000000000000007 -1.0452327122032807
0.83499999999999996 -1.0629233118837615
0.83999999999999986 -1.0806196347125034
0.84499999999999975 -1.0983216565691576
0.85000000000000053 -1.1160293534438637
0.85500000000000043 -1.1337427014369847
0.86000000000000032 -1.1514616767588737
0.86500000000000021 -1.1691862557295958
0.87000000000000011 -1.1869164147786746
0.875 -1.2046521304448208
0.87999999999999989 -1.2223933793756623
0.88499999999999979 -1.2401401383274662
0.88999999999999968 -1.2578923841648622
0.89500000000000046 -1.2756500938605631
0.90000000000000036 -1.2934132444950635
0.90500000000000025 -1.3111818132563697
0.91000000000000014 -1.3289557774396903
0.91500000000000004 -1.3467351144471471
0.91999999999999993 -1.3645198017874698
0.92499999999999982 -1.3823098170756929
0.92999999999999972 -1.4001051380328475
0.9350000000000005 -1.4179057424856567
0.94000000000000039 -1.435711608366204
0.94500000000000028 -1.4535227137116395
0.95000000000000018 -1.4713390366638424
0.95500000000000007 -1.4891605554691063
0.95999999999999996 -1.5069872484778084
0.96499999999999986 -1.5248190941440842
0.96999999999999975 -1.5426560710254924
0.97500000000000053 -1.560498157782686
0.98000000000000043 -1.5783453331790618
0.98500000000000032 -1.5961975760804403
0.99000000000000021 -1.61405486545471
0.99500000000000011 -1.6319171803714849
