0.001000 0.985403
0.001999 0.958411
0.002998 0.935706
0.003997 0.916029
0.004996 0.896450
0.005995 0.875247
0.006994 0.851935
0.007993 0.826799
0.008992 0.800447
0.009991 0.773514
0.010990 0.746528
0.011989 0.719870
0.012988 0.693788
0.013987 0.668432
0.014986 0.643883
0.015985 0.620180
0.016984 0.597344
0.017983 0.575383
0.018982 0.554305
0.019981 0.534114
0.020980 0.514816
0.021979 0.496410
0.022978 0.478890
0.023977 0.462245
0.024976 0.446455
0.025975 0.431495
0.026974 0.417333
0.027973 0.403932
0.028972 0.391253
0.029971 0.379255
0.030970 0.367896
0.031969 0.357135
0.032968 0.346931
0.033967 0.337248
0.034966 0.328047
0.035965 0.319297
0.036964 0.310965
0.037963 0.303022
0.038962 0.295441
0.039961 0.288199
0.040960 0.281272
0.041959 0.274640
0.042958 0.268283
0.043957 0.262185
0.044956 0.256329
0.045955 0.250700
0.046954 0.245286
0.047953 0.240074
0.048952 0.235052
0.049951 0.230210
0.050950 0.225538
0.051949 0.221028
0.052948 0.216670
0.053947 0.212458
0.054946 0.208383
0.055945 0.204439
0.056944 0.200621
0.057943 0.196921
0.058942 0.193336
0.059941 0.189858
0.060940 0.186485
0.061939 0.183210
0.062938 0.180031
0.063937 0.176942
0.064936 0.173941
0.065935 0.171023
0.066934 0.168185
0.067933 0.165425
0.068932 0.162738
0.069931 0.160123
0.070930 0.157577
0.071929 0.155096
0.072928 0.152679
0.073927 0.150323
0.074926 0.148026
0.075925 0.145786
0.076924 0.143601
0.077923 0.141469
0.078922 0.139388
0.079921 0.137357
0.080920 0.135374
0.081919 0.133436
0.082918 0.131544
0.083917 0.129695
0.084916 0.127888
0.085915 0.126121
0.086914 0.124394
0.087913 0.122704
0.088912 0.121052
0.089911 0.119435
0.090910 0.117853
0.091909 0.116305
0.092908 0.114790
0.093907 0.113306
0.094906 0.111853
0.095905 0.110430
0.096904 0.109035
0.097903 0.107670
0.098902 0.106331
0.099901 0.105019
0.100900 0.103734
0.101899 0.102473
0.102898 0.101237
0.103897 0.100025
0.104896 0.098836
0.105895 0.097669
0.106894 0.096525
0.107893 0.095402
0.108892 0.094300
0.109891 0.093219
0.110890 0.092157
0.111889 0.091114
0.112888 0.090091
0.113887 0.089086
0.114886 0.088099
0.115885 0.087129
0.116884 0.086176
0.117883 0.085240
0.118882 0.084320
0.119881 0.083416
0.120880 0.082528
0.121879 0.081655
0.122878 0.080796
0.123877 0.079952
0.124876 0.079122
0.125875 0.078306
0.126874 0.077503
0.127873 0.076713
0.128872 0.075936
0.129871 0.075172
0.130870 0.074420
0.131869 0.073680
0.132868 0.072952
0.133867 0.072235
0.134866 0.071529
0.135865 0.070835
0.136864 0.070151
0.137863 0.069478
0.138862 0.068815
0.139861 0.068162
0.140860 0.067519
0.141859 0.066886
0.142858 0.066262
0.143857 0.065648
0.144856 0.065042
0.145855 0.064446
0.146854 0.063858
0.147853 0.063279
0.148852 0.062708
0.149851 0.062145
0.150850 0.061591
0.151849 0.061044
0.152848 0.060505
0.153847 0.059974
0.154846 0.059450
0.155845 0.058933
0.156844 0.058424
0.157843 0.057922
0.158842 0.057426
0.159841 0.056937
0.160840 0.056455
0.161839 0.055980
0.162838 0.055510
0.163837 0.055047
0.164836 0.054591
0.165835 0.054140
0.166834 0.053695
0.167833 0.053256
0.168832 0.052823
0.169831 0.052395
0.170830 0.051973
0.171829 0.051556
0.172828 0.051145
0.173827 0.050739
0.174826 0.050338
0.175825 0.049942
0.176824 0.049551
0.177823 0.049165
0.178822 0.048784
0.179821 0.048407
0.180820 0.048035
0.181819 0.047668
0.182818 0.047305
0.183817 0.046946
0.184816 0.046592
0.185815 0.046242
0.186814 0.045896
0.187813 0.045555
0.188812 0.045217
0.189811 0.044884
0.190810 0.044554
0.191809 0.044228
0.192808 0.043906
0.193807 0.043588
0.194806 0.043274
0.195805 0.042963
0.196804 0.042655
0.197803 0.042351
0.198802 0.042051
0.199801 0.041754
0.200800 0.041460
0.201799 0.041170
0.202798 0.040883
0.203797 0.040599
0.204796 0.040318
0.205795 0.040040
0.206794 0.039765
0.207793 0.039494
0.208792 0.039225
0.209791 0.038959
0.210790 0.038696
0.211789 0.038436
0.212788 0.038179
0.213787 0.037924
0.214786 0.037672
0.215785 0.037423
0.216784 0.037177
0.217783 0.036933
0.218782 0.036691
0.219781 0.036452
0.220780 0.036216
0.221779 0.035982
0.222778 0.035750
0.223777 0.035521
0.224776 0.035294
0.225775 0.035070
0.226774 0.034847
0.227773 0.034627
0.228772 0.034409
0.229771 0.034194
0.230770 0.033980
0.231769 0.033769
0.232768 0.033560
0.233767 0.033352
0.234766 0.033147
0.235765 0.032944
0.236764 0.032743
0.237763 0.032544
0.238762 0.032346
0.239761 0.032151
0.240760 0.031958
0.241759 0.031766
0.242758 0.031576
0.243757 0.031388
0.244756 0.031202
0.245755 0.031017
0.246754 0.030835
0.247753 0.030654
0.248752 0.030474
0.249751 0.030297
0.250750 0.030121
0.251749 0.029946
0.252748 0.029773
0.253747 0.029602
0.254746 0.029433
0.255745 0.029265
0.256744 0.029098
0.257743 0.028933
0.258742 0.028769
0.259741 0.028607
0.260740 0.028447
0.261739 0.028288
0.262738 0.028130
0.263737 0.027974
0.264736 0.027819
0.265735 0.027665
0.266734 0.027513
0.267733 0.027362
0.268732 0.027212
0.269731 0.027064
0.270730 0.026917
0.271729 0.026771
0.272728 0.026627
0.273727 0.026483
0.274726 0.026341
0.275725 0.026200
0.276724 0.026061
0.277723 0.025922
0.278722 0.025785
0.279721 0.025649
0.280720 0.025514
0.281719 0.025380
0.282718 0.025248
0.283717 0.025116
0.284716 0.024985
0.285715 0.024856
0.286714 0.024728
0.287713 0.024600
0.288712 0.024474
0.289711 0.024349
0.290710 0.024225
0.291709 0.024101
0.292708 0.023979
0.293707 0.023858
0.294706 0.023738
0.295705 0.023618
0.296704 0.023500
0.297703 0.023383
0.298702 0.023266
0.299701 0.023151
0.300700 0.023036
0.301699 0.022922
0.302698 0.022809
0.303697 0.022697
0.304696 0.022586
0.305695 0.022476
0.306694 0.022367
0.307693 0.022258
0.308692 0.022151
0.309691 0.022044
0.310690 0.021938
0.311689 0.021833
0.312688 0.021728
0.313687 0.021625
0.314686 0.021522
0.315685 0.021420
0.316684 0.021318
0.317683 0.021218
0.318682 0.021118
0.319681 0.021019
0.320680 0.020921
0.321679 0.020823
0.322678 0.020726
0.323677 0.020630
0.324676 0.020535
0.325675 0.020440
0.326674 0.020346
0.327673 0.020253
0.328672 0.020160
0.329671 0.020068
0.330670 0.019977
0.331669 0.019886
0.332668 0.019796
0.333667 0.019707
0.334666 0.019618
0.335665 0.019530
0.336664 0.019443
0.337663 0.019356
0.338662 0.019270
0.339661 0.019184
0.340660 0.019099
0.341659 0.019015
0.342658 0.018931
0.343657 0.018848
0.344656 0.018765
0.345655 0.018683
0.346654 0.018602
0.347653 0.018521
0.348652 0.018440
0.349651 0.018361
0.350650 0.018281
0.351649 0.018203
0.352648 0.018124
0.353647 0.018047
0.354646 0.017970
0.355645 0.017893
0.356644 0.017817
0.357643 0.017742
0.358642 0.017666
0.359641 0.017592
0.360640 0.017518
0.361639 0.017444
0.362638 0.017371
0.363637 0.017299
0.364636 0.017227
0.365635 0.017155
0.366634 0.017084
0.367633 0.017013
0.368632 0.016943
0.369631 0.016873
0.370630 0.016804
0.371629 0.016735
0.372628 0.016667
0.373627 0.016599
0.374626 0.016531
0.375625 0.016464
0.376624 0.016398
0.377623 0.016331
0.378622 0.016266
0.379621 0.016200
0.380620 0.016135
0.381619 0.016071
0.382618 0.016007
0.383617 0.015943
0.384616 0.015880
0.385615 0.015817
0.386614 0.015754
0.387613 0.015692
0.388612 0.015630
0.389611 0.015569
0.390610 0.015508
0.391609 0.015447
0.392608 0.015387
0.393607 0.015327
0.394606 0.015268
0.395605 0.015209
0.396604 0.015150
0.397603 0.015092
0.398602 0.015034
0.399601 0.014976
0.400600 0.014919
0.401599 0.014862
0.402598 0.014805
0.403597 0.014749
0.404596 0.014693
0.405595 0.014637
0.406594 0.014582
0.407593 0.014527
0.408592 0.014472
0.409591 0.014418
0.410590 0.014364
0.411589 0.014310
0.412588 0.014257
0.413587 0.014204
0.414586 0.014151
0.415585 0.014099
0.416584 0.014047
0.417583 0.013995
0.418582 0.013944
0.419581 0.013892
0.420580 0.013842
0.421579 0.013791
0.422578 0.013741
0.423577 0.013691
0.424576 0.013641
0.425575 0.013592
0.426574 0.013542
0.427573 0.013494
0.428572 0.013445
0.429571 0.013397
0.430570 0.013349
0.431569 0.013301
0.432568 0.013253
0.433567 0.013206
0.434566 0.013159
0.435565 0.013113
0.436564 0.013066
0.437563 0.013020
0.438562 0.012974
0.439561 0.012929
0.440560 0.012883
0.441559 0.012838
0.442558 0.012793
0.443557 0.012748
0.444556 0.012704
0.445555 0.012660
0.446554 0.012616
0.447553 0.012572
0.448552 0.012529
0.449551 0.012486
0.450550 0.012443
0.451549 0.012400
0.452548 0.012358
0.453547 0.012315
0.454546 0.012273
0.455545 0.012232
0.456544 0.012190
0.457543 0.012149
0.458542 0.012108
0.459541 0.012067
0.460540 0.012026
0.461539 0.011985
0.462538 0.011945
0.463537 0.011905
0.464536 0.011865
0.465535 0.011826
0.466534 0.011786
0.467533 0.011747
0.468532 0.011708
0.469531 0.011669
0.470530 0.011631
0.471529 0.011592
0.472528 0.011554
0.473527 0.011516
0.474526 0.011479
0.475525 0.011441
0.476524 0.011404
0.477523 0.011366
0.478522 0.011329
0.479521 0.011293
0.480520 0.011256
0.481519 0.011219
0.482518 0.011183
0.483517 0.011147
0.484516 0.011111
0.485515 0.011076
0.486514 0.011040
0.487513 0.011005
0.488512 0.010970
0.489511 0.010935
0.490510 0.010900
0.491509 0.010865
0.492508 0.010831
0.493507 0.010796
0.494506 0.010762
0.495505 0.010728
0.496504 0.010695
0.497503 0.010661
0.498502 0.010628
0.499501 0.010594
0.500500 0.010561
0.501499 0.010528
0.502498 0.010496
0.503497 0.010463
0.504496 0.010431
0.505495 0.010398
0.506494 0.010366
0.507493 0.010334
0.508492 0.010302
0.509491 0.010271
0.510490 0.010239
0.511489 0.010208
0.512488 0.010177
0.513487 0.010146
0.514486 0.010115
0.515485 0.010084
0.516484 0.010053
0.517483 0.010023
0.518482 0.009993
0.519481 0.009962
0.520480 0.009932
0.521479 0.009902
0.522478 0.009873
0.523477 0.009843
0.524476 0.009814
0.525475 0.009784
0.526474 0.009755
0.527473 0.009726
0.528472 0.009697
0.529471 0.009668
0.530470 0.009640
0.531469 0.009611
0.532468 0.009583
0.533467 0.009555
0.534466 0.009527
0.535465 0.009499
0.536464 0.009471
0.537463 0.009443
0.538462 0.009415
0.539461 0.009388
0.540460 0.009361
0.541459 0.009334
0.542458 0.009306
0.543457 0.009279
0.544456 0.009253
0.545455 0.009226
0.546454 0.009199
0.547453 0.009173
0.548452 0.009147
0.549451 0.009120
0.550450 0.009094
0.551449 0.009068
0.552448 0.009042
0.553447 0.009017
0.554446 0.008991
0.555445 0.008965
0.556444 0.008940
0.557443 0.008915
0.558442 0.008890
0.559441 0.008864
0.560440 0.008840
0.561439 0.008815
0.562438 0.008790
0.563437 0.008765
0.564436 0.008741
0.565435 0.008716
0.566434 0.008692
0.567433 0.008668
0.568432 0.008644
0.569431 0.008620
0.570430 0.008596
0.571429 0.008572
0.572428 0.008549
0.573427 0.008525
0.574426 0.008502
0.575425 0.008478
0.576424 0.008455
0.577423 0.008432
0.578422 0.008409
0.579421 0.008386
0.580420 0.008363
0.581419 0.008340
0.582418 0.008317
0.583417 0.008295
0.584416 0.008272
0.585415 0.008250
0.586414 0.008228
0.587413 0.008206
0.588412 0.008184
0.589411 0.008162
0.590410 0.008140
0.591409 0.008118
0.592408 0.008096
0.593407 0.008074
0.594406 0.008053
0.595405 0.008032
0.596404 0.008010
0.597403 0.007989
0.598402 0.007968
0.599401 0.007947
0.600400 0.007926
0.601399 0.007905
0.602398 0.007884
0.603397 0.007863
0.604396 0.007843
0.605395 0.007822
0.606394 0.007802
0.607393 0.007781
0.608392 0.007761
0.609391 0.007741
0.610390 0.007720
0.611389 0.007700
0.612388 0.007680
0.613387 0.007661
0.614386 0.007641
0.615385 0.007621
0.616384 0.007601
0.617383 0.007582
0.618382 0.007562
0.619381 0.007543
0.620380 0.007524
0.621379 0.007504
0.622378 0.007485
0.623377 0.007466
0.624376 0.007447
0.625375 0.007428
0.626374 0.007409
0.627373 0.007390
0.628372 0.007372
0.629371 0.007353
0.630370 0.007334
0.631369 0.007316
0.632368 0.007298
0.633367 0.007279
0.634366 0.007261
0.635365 0.007243
0.636364 0.007225
0.637363 0.007207
0.638362 0.007189
0.639361 0.007171
0.640360 0.007153
0.641359 0.007135
0.642358 0.007117
0.643357 0.007100
0.644356 0.007082
0.645355 0.007065
0.646354 0.007047
0.647353 0.007030
0.648352 0.007013
0.649351 0.006995
0.650350 0.006978
0.651349 0.006961
0.652348 0.006944
0.653347 0.006927
0.654346 0.006910
0.655345 0.006893
0.656344 0.006877
0.657343 0.006860
0.658342 0.006843
0.659341 0.006827
0.660340 0.006810
0.661339 0.006794
0.662338 0.006777
0.663337 0.006761
0.664336 0.006745
0.665335 0.006729
0.666334 0.006712
0.667333 0.006696
0.668332 0.006680
0.669331 0.006664
0.670330 0.006648
0.671329 0.006633
0.672328 0.006617
0.673327 0.006601
0.674326 0.006585
0.675325 0.006570
0.676324 0.006554
0.677323 0.006539
0.678322 0.006523
0.679321 0.006508
0.680320 0.006493
0.681319 0.006477
0.682318 0.006462
0.683317 0.006447
0.684316 0.006432
0.685315 0.006417
0.686314 0.006402
0.687313 0.006387
0.688312 0.006372
0.689311 0.006357
0.690310 0.006343
0.691309 0.006328
0.692308 0.006313
0.693307 0.006299
0.694306 0.006284
0.695305 0.006270
0.696304 0.006255
0.697303 0.006241
0.698302 0.006227
0.699301 0.006212
0.700300 0.006198
0.701299 0.006184
0.702298 0.006170
0.703297 0.006156
0.704296 0.006142
0.705295 0.006128
0.706294 0.006114
0.707293 0.006100
0.708292 0.006086
0.709291 0.006072
0.710290 0.006059
0.711289 0.006045
0.712288 0.006031
0.713287 0.006018
0.714286 0.006004
0.715285 0.005991
0.716284 0.005977
0.717283 0.005964
0.718282 0.005951
0.719281 0.005937
0.720280 0.005924
0.721279 0.005911
0.722278 0.005898
0.723277 0.005885
0.724276 0.005871
0.725275 0.005858
0.726274 0.005845
0.727273 0.005833
0.728272 0.005820
0.729271 0.005807
0.730270 0.005794
0.731269 0.005781
0.732268 0.005769
0.733267 0.005756
0.734266 0.005743
0.735265 0.005731
0.736264 0.005718
0.737263 0.005706
0.738262 0.005693
0.739261 0.005681
0.740260 0.005669
0.741259 0.005656
0.742258 0.005644
0.743257 0.005632
0.744256 0.005620
0.745255 0.005607
0.746254 0.005595
0.747253 0.005583
0.748252 0.005571
0.749251 0.005559
0.750250 0.005547
0.751249 0.005535
0.752248 0.005524
0.753247 0.005512
0.754246 0.005500
0.755245 0.005488
0.756244 0.005477
0.757243 0.005465
0.758242 0.005453
0.759241 0.005442
0.760240 0.005430
0.761239 0.005419
0.762238 0.005407
0.763237 0.005396
0.764236 0.005384
0.765235 0.005373
0.766234 0.005362
0.767233 0.005350
0.768232 0.005339
0.769231 0.005328
0.770230 0.005317
0.771229 0.005306
0.772228 0.005295
0.773227 0.005283
0.774226 0.005272
0.775225 0.005261
0.776224 0.005251
0.777223 0.005240
0.778222 0.005229
0.779221 0.005218
0.780220 0.005207
0.781219 0.005196
0.782218 0.005186
0.783217 0.005175
0.784216 0.005164
0.785215 0.005154
0.786214 0.005143
0.787213 0.005132
0.788212 0.005122
0.789211 0.005111
0.790210 0.005101
0.791209 0.005091
0.792208 0.005080
0.793207 0.005070
0.794206 0.005059
0.795205 0.005049
0.796204 0.005039
0.797203 0.005029
0.798202 0.005019
0.799201 0.005008
0.800200 0.004998
0.801199 0.004988
0.802198 0.004978
0.803197 0.004968
0.804196 0.004958
0.805195 0.004948
0.806194 0.004938
0.807193 0.004928
0.808192 0.004918
0.809191 0.004908
0.810190 0.004899
0.811189 0.004889
0.812188 0.004879
0.813187 0.004869
0.814186 0.004860
0.815185 0.004850
0.816184 0.004840
0.817183 0.004831
0.818182 0.004821
0.819181 0.004812
0.820180 0.004802
0.821179 0.004793
0.822178 0.004783
0.823177 0.004774
0.824176 0.004765
0.825175 0.004755
0.826174 0.004746
0.827173 0.004737
0.828172 0.004727
0.829171 0.004718
0.830170 0.004709
0.831169 0.004700
0.832168 0.004690
0.833167 0.004681
0.834166 0.004672
0.835165 0.004663
0.836164 0.004654
0.837163 0.004645
0.838162 0.004636
0.839161 0.004627
0.840160 0.004618
0.841159 0.004609
0.842158 0.004600
0.843157 0.004591
0.844156 0.004583
0.845155 0.004574
0.846154 0.004565
0.847153 0.004556
0.848152 0.004548
0.849151 0.004539
0.850150 0.004530
0.851149 0.004522
0.852148 0.004513
0.853147 0.004504
0.854146 0.004496
0.855145 0.004487
0.856144 0.004479
0.857143 0.004470
0.858142 0.004462
0.859141 0.004453
0.860140 0.004445
0.861139 0.004436
0.862138 0.004428
0.863137 0.004420
0.864136 0.004411
0.865135 0.004403
0.866134 0.004395
0.867133 0.004387
0.868132 0.004378
0.869131 0.004370
0.870130 0.004362
0.871129 0.004354
0.872128 0.004346
0.873127 0.004338
0.874126 0.004330
0.875125 0.004322
0.876124 0.004314
0.877123 0.004306
0.878122 0.004298
0.879121 0.004290
0.880120 0.004282
0.881119 0.004274
0.882118 0.004266
0.883117 0.004258
0.884116 0.004250
0.885115 0.004242
0.886114 0.004235
0.887113 0.004227
0.888112 0.004219
0.889111 0.004211
0.890110 0.004204
0.891109 0.004196
0.892108 0.004188
0.893107 0.004181
0.894106 0.004173
0.895105 0.004165
0.896104 0.004158
0.897103 0.004150
0.898102 0.004143
0.899101 0.004135
0.900100 0.004128
0.901099 0.004120
0.902098 0.004113
0.903097 0.004105
0.904096 0.004098
0.905095 0.004091
0.906094 0.004083
0.907093 0.004076
0.908092 0.004069
0.909091 0.004061
0.910090 0.004054
0.911089 0.004047
0.912088 0.004039
0.913087 0.004032
0.914086 0.004025
0.915085 0.004018
0.916084 0.004011
0.917083 0.004004
0.918082 0.003996
0.919081 0.003989
0.920080 0.003982
0.921079 0.003975
0.922078 0.003968
0.923077 0.003961
0.924076 0.003954
0.925075 0.003947
0.926074 0.003940
0.927073 0.003933
0.928072 0.003926
0.929071 0.003919
0.930070 0.003913
0.931069 0.003906
0.932068 0.003899
0.933067 0.003892
0.934066 0.003885
0.935065 0.003878
0.936064 0.003872
0.937063 0.003865
0.938062 0.003858
0.939061 0.003851
0.940060 0.003845
0.941059 0.003838
0.942058 0.003831
0.943057 0.003825
0.944056 0.003818
0.945055 0.003812
0.946054 0.003805
0.947053 0.003798
0.948052 0.003792
0.949051 0.003785
0.950050 0.003779
0.951049 0.003772
0.952048 0.003766
0.953047 0.003759
0.954046 0.003753
0.955045 0.003746
0.956044 0.003740
0.957043 0.003734
0.958042 0.003727
0.959041 0.003721
0.960040 0.003715
0.961039 0.003708
0.962038 0.003702
0.963037 0.003696
0.964036 0.003689
0.965035 0.003683
0.966034 0.003677
0.967033 0.003671
0.968032 0.003664
0.969031 0.003658
0.970030 0.003652
0.971029 0.003646
0.972028 0.003640
0.973027 0.003634
0.974026 0.003627
0.975025 0.003621
0.976024 0.003615
0.977023 0.003609
0.978022 0.003603
0.979021 0.003597
0.980020 0.003591
0.981019 0.003585
0.982018 0.003579
0.983017 0.003573
0.984016 0.003567
0.985015 0.003561
0.986014 0.003555
0.987013 0.003549
0.988012 0.003544
0.989011 0.003538
0.990010 0.003532
0.991009 0.003526
0.992008 0.003520
0.993007 0.003514
0.994006 0.003509
0.995005 0.003503
0.996004 0.003497
0.997003 0.003491
0.998002 0.003486
0.999001 0.003480