0.000000 0.000000
0.010000 40157.175498
0.020000 79346.481697
0.030000 117595.036136
0.040000 154928.967142
0.050000 191373.460808
0.060000 226952.805245
0.070000 261690.432306
0.080000 295608.956932
0.090000 328730.214292
0.100000 361075.294837
0.110000 392664.577426
0.120000 423517.760625
0.130000 453653.892316
0.140000 483091.397696
0.150000 511848.105791
0.160000 539941.274563
0.170000 567387.614692
0.180000 594203.312135
0.190000 620404.049504
0.200000 646005.026368
0.210000 671020.978514
0.220000 695466.196249
0.230000 719354.541785
0.240000 742699.465774
0.250000 765514.023029
0.260000 787810.887490
0.270000 809602.366464
0.280000 830900.414199
0.290000 851716.644812
0.300000 872062.344615
0.310000 891948.483874
0.320000 911385.728030
0.330000 930384.448410
0.340000 948954.732461
0.350000 967106.393524
0.360000 984848.980182
0.370000 1002191.785199
0.380000 1019143.854079
0.390000 1035713.993247
0.400000 1051910.777898
0.410000 1067742.559511
0.420000 1083217.473046
0.430000 1098343.443861
0.440000 1113128.194330
0.450000 1127579.250209
0.460000 1141703.946741
0.470000 1155509.434522
0.480000 1169002.685142
0.490000 1182190.496600
0.500000 1195079.498520
0.510000 1207676.157167
0.520000 1219986.780271
0.530000 1232017.521678
0.540000 1243774.385826
0.550000 1255263.232058
0.560000 1266489.778787
0.570000 1277459.607497
0.580000 1288178.166621
0.590000 1298650.775269
0.600000 1308882.626832
0.610000 1318878.792464
0.620000 1328644.224443
0.630000 1338183.759419
0.640000 1347502.121554
0.650000 1356603.925555
0.660000 1365493.679616
0.670000 1374175.788253
0.680000 1382654.555052
0.690000 1390934.185337
0.700000 1399018.788740
0.710000 1406912.381697
0.720000 1414618.889869
0.730000 1422142.150482
0.740000 1429485.914598
0.750000 1436653.849317
0.760000 1443649.539913
0.770000 1450476.491902
0.780000 1457138.133054
0.790000 1463637.815341
0.800000 1469978.816831
0.810000 1476164.343524
0.820000 1482197.531135
0.830000 1488081.446829
0.840000 1493819.090901
0.850000 1499413.398416
0.860000 1504867.240791
0.870000 1510183.427347
0.880000 1515364.706805
0.890000 1520413.768746
0.900000 1525333.245033
0.910000 1530125.711190
0.920000 1534793.687745
0.930000 1539339.641535
0.940000 1543765.986979
0.950000 1548075.087314
0.960000 1552269.255797
0.970000 1556350.756883
0.980000 1560321.807357
0.990000 1564184.577452
1.000000 1567941.191926
1.010000 1571593.731120
1.020000 1575144.231979
1.030000 1578594.689053
1.040000 1581947.055474
1.050000 1585203.243901
1.060000 1588365.127444
1.070000 1591434.540568
1.080000 1594413.279968
1.090000 1597303.105428
1.100000 1600105.740651
1.110000 1602822.874077
1.120000 1605456.159671
1.130000 1608007.217701
1.140000 1610477.635488
1.150000 1612868.968145
1.160000 1615182.739291
1.170000 1617420.441751
1.180000 1619583.538242
1.190000 1621673.462033
1.200000 1623691.617599
1.210000 1625639.381252
1.220000 1627518.101762
1.230000 1629329.100956
1.240000 1631073.674311
1.250000 1632753.091529
1.260000 1634368.597093
1.270000 1635921.410820
1.280000 1637412.728391
1.290000 1638843.721877
1.300000 1640215.540246
1.310000 1641529.309859
1.320000 1642786.134958
1.330000 1643987.098141
1.340000 1645133.260820
1.350000 1646225.663680
1.360000 1647265.327115
1.370000 1648253.251662
1.380000 1649190.418423
1.390000 1650077.789472
1.400000 1650916.308264
1.410000 1651706.900022
1.420000 1652450.472123
1.430000 1653147.914473
1.440000 1653800.099872
1.450000 1654407.884371
1.460000 1654972.107626
1.470000 1655493.593236
1.480000 1655973.149075
1.490000 1656411.567625
1.500000 1656809.626288
1.510000 1657168.087702
1.520000 1657487.700044
1.530000 1657769.197328
1.540000 1658013.299696
1.550000 1658220.713703
1.560000 1658392.132596
1.570000 1658528.236584
1.580000 1658629.693105
1.590000 1658697.157086
1.600000 1658731.271198
1.610000 1658732.666102
1.620000 1658701.960698
1.630000 1658639.762353
1.640000 1658546.667144
1.650000 1658423.260079
1.660000 1658270.115319
1.670000 1658087.796401
1.680000 1657876.856445
1.690000 1657637.838365
1.700000 1657371.275071
1.710000 1657077.689671
1.720000 1656757.595662
1.730000 1656411.497125
1.740000 1656039.888905
1.750000 1655643.256802
1.760000 1655222.077743
1.770000 1654776.819957
1.780000 1654307.943150
1.790000 1653815.898671
1.800000 1653301.129670
1.810000 1652764.071268
1.820000 1652205.150706
1.830000 1651624.787500
1.840000 1651023.393595
1.850000 1650401.373508
1.860000 1649759.124472
1.870000 1649097.036581
1.880000 1648415.492921
1.890000 1647714.869712
1.900000 1646995.536437
1.910000 1646257.855969
1.920000 1645502.184703
1.930000 1644728.872675
1.940000 1643938.263687
1.950000 1643130.695424
1.960000 1642306.499572
1.970000 1641466.001929
1.980000 1640609.522520
1.990000 1639737.375705
2.000000 1638849.870286
2.010000 1637947.309612
2.020000 1637029.991683
2.030000 1636098.209246
2.040000 1635152.249901
2.050000 1634192.396192
2.060000 1633218.925703
2.070000 1632232.111150
2.080000 1631232.220475
2.090000 1630219.516929
2.100000 1629194.259166
2.110000 1628156.701324
2.120000 1627107.093108
2.130000 1626045.679876
2.140000 1624972.702716
2.150000 1623888.398525
2.160000 1622793.000087
2.170000 1621686.736149
2.180000 1620569.831495
2.190000 1619442.507014
2.200000 1618304.979781
2.210000 1617157.463116
2.220000 1616000.166659
2.230000 1614833.296435
2.240000 1613657.054921
2.250000 1612471.641106
2.260000 1611277.250561
2.270000 1610074.075494
2.280000 1608862.304816
2.290000 1607642.124196
2.300000 1606413.716124
2.310000 1605177.259963
2.320000 1603932.932010
2.330000 1602680.905547
2.340000 1601421.350896
2.350000 1600154.435475
2.360000 1598880.323845
2.370000 1597599.177762
2.380000 1596311.156231
2.390000 1595016.415547
2.400000 1593715.109351
2.410000 1592407.388674
2.420000 1591093.401978
2.430000 1589773.295212
2.440000 1588447.211844
2.450000 1587115.292916
2.460000 1585777.677078
2.470000 1584434.500634
2.480000 1583085.897583
2.490000 1581731.999657
2.500000 1580372.936364
2.510000 1579008.835023
2.520000 1577639.820805
2.530000 1576266.016769
2.540000 1574887.543899
2.550000 1573504.521140
2.560000 1572117.065433
2.570000 1570725.291748
2.580000 1569329.313122
2.590000 1567929.240690
2.600000 1566525.183716
2.610000 1565117.249627
2.620000 1563705.544046
2.630000 1562290.170820
2.640000 1560871.232051
2.650000 1559448.828128
2.660000 1558023.057754
2.670000 1556594.017974
2.680000 1555161.804207
2.690000 1553726.510268
2.700000 1552288.228402
2.710000 1550847.049304
2.720000 1549403.062149
2.730000 1547956.354618
2.740000 1546507.012921
2.750000 1545055.121822
2.760000 1543600.764667
2.770000 1542144.023401
2.780000 1540684.978599
2.790000 1539223.709485
2.800000 1537760.293952
2.810000 1536294.808592
2.820000 1534827.328710
2.830000 1533357.928348
2.840000 1531886.680310
2.850000 1530413.656175
2.860000 1528938.926326
2.870000 1527462.559961
2.880000 1525984.625119
2.890000 1524505.188699
2.900000 1523024.316474
2.910000 1521542.073114
2.920000 1520058.522204
2.930000 1518573.726258
2.940000 1517087.746741
2.950000 1515600.644086
2.960000 1514112.477707
2.970000 1512623.306019
2.980000 1511133.186455
2.990000 1509642.175479
3.000000 1508150.328604
3.010000 1506657.700407
3.020000 1505164.344545
3.030000 1503670.313768
3.040000 1502175.659937
3.050000 1500680.434035
3.060000 1499184.686182
3.070000 1497688.465652
3.080000 1496191.820883
3.090000 1494694.799491
3.100000 1493197.448288
3.110000 1491699.813286
3.120000 1490201.939721
3.130000 1488703.872054
3.140000 1487205.653992
3.150000 1485707.328499
3.160000 1484208.937802
3.170000 1482710.523410
3.180000 1481212.126123
3.190000 1479713.786040
3.200000 1478215.542576
3.210000 1476717.434468
3.220000 1475219.499789
3.230000 1473721.775958
3.240000 1472224.299749
3.250000 1470727.107303
3.260000 1469230.234135
3.270000 1467733.715149
3.280000 1466237.584643
3.290000 1464741.876323
3.300000 1463246.623307
3.310000 1461751.858139
3.320000 1460257.612796
3.330000 1458763.918697
3.340000 1457270.806713
3.350000 1455778.307173
3.360000 1454286.449876
3.370000 1452795.264097
3.380000 1451304.778596
3.390000 1449815.021627
3.400000 1448326.020943
3.410000 1446837.803808
3.420000 1445350.397001
3.430000 1443863.826825
3.440000 1442378.119117
3.450000 1440893.299250
3.460000 1439409.392145
3.470000 1437926.422276
3.480000 1436444.413677
3.490000 1434963.389948
3.500000 1433483.374265
3.510000 1432004.389385
3.520000 1430526.457648
3.530000 1429049.600992
3.540000 1427573.840952
3.550000 1426099.198671
3.560000 1424625.694903
3.570000 1423153.350021
3.580000 1421682.184021
3.590000 1420212.216530
3.600000 1418743.466811
3.610000 1417275.953766
3.620000 1415809.695948
3.630000 1414344.711560
3.640000 1412881.018461
3.650000 1411418.634178
3.660000 1409957.575901
3.670000 1408497.860496
3.680000 1407039.504509
3.690000 1405582.524166
3.700000 1404126.935385
3.710000 1402672.753773
3.720000 1401219.994638
3.730000 1399768.672990
3.740000 1398318.803546
3.750000 1396870.400734
3.760000 1395423.478698
3.770000 1393978.051303
3.780000 1392534.132139
3.790000 1391091.734525
3.800000 1389650.871512
3.810000 1388211.555889
3.820000 1386773.800186
3.830000 1385337.616680
3.840000 1383903.017394
3.850000 1382470.014107
3.860000 1381038.618352
3.870000 1379608.841426
3.880000 1378180.694387
3.890000 1376754.188063
3.900000 1375329.333051
3.910000 1373906.139726
3.920000 1372484.618240
3.930000 1371064.778525
3.940000 1369646.630301
3.950000 1368230.183074
3.960000 1366815.446143
3.970000 1365402.428602
3.980000 1363991.139342
3.990000 1362581.587056
4.000000 1361173.780240
4.010000 1359767.727199
4.020000 1358363.436045
4.030000 1356960.914705
4.040000 1355560.170923
4.050000 1354161.212259
4.060000 1352764.046097
4.070000 1351368.679643
4.080000 1349975.119930
4.090000 1348583.373823
4.100000 1347193.448016
4.110000 1345805.349040
4.120000 1344419.083262
4.130000 1343034.656889
4.140000 1341652.075971
4.150000 1340271.346400
4.160000 1338892.473919
4.170000 1337515.464116
4.180000 1336140.322435
4.190000 1334767.054171
4.200000 1333395.664475
4.210000 1332026.158358
4.220000 1330658.540691
4.230000 1329292.816208
4.240000 1327928.989506
4.250000 1326567.065052
4.260000 1325207.047178
4.270000 1323848.940091
4.280000 1322492.747868
4.290000 1321138.474462
4.300000 1319786.123703
4.310000 1318435.699300
4.320000 1317087.204841
4.330000 1315740.643798
4.340000 1314396.019526
4.350000 1313053.335268
4.360000 1311712.594152
4.370000 1310373.799199
4.380000 1309036.953318
4.390000 1307702.059312
4.400000 1306369.119880
4.410000 1305038.137614
4.420000 1303709.115008
4.430000 1302382.054452
4.440000 1301056.958239
4.450000 1299733.828562
4.460000 1298412.667522
4.470000 1297093.477122
4.480000 1295776.259274
4.490000 1294461.015796
4.500000 1293147.748420
4.510000 1291836.458786
4.520000 1290527.148446
4.530000 1289219.818870
4.540000 1287914.471440
4.550000 1286611.107455
4.560000 1285309.728134
4.570000 1284010.334613
4.580000 1282712.927950
4.590000 1281417.509124
4.600000 1280124.079039
4.610000 1278832.638520
4.620000 1277543.188321
4.630000 1276255.729120
4.640000 1274970.261523
4.650000 1273686.786068
4.660000 1272405.303218
4.670000 1271125.813373
4.680000 1269848.316860
4.690000 1268572.813943
4.700000 1267299.304819
4.710000 1266027.789620
4.720000 1264758.268416
4.730000 1263490.741214
4.740000 1262225.207959
4.750000 1260961.668536
4.760000 1259700.122770
4.770000 1258440.570428
4.780000 1257183.011220
4.790000 1255927.444798
4.800000 1254673.870759
4.810000 1253422.288646
4.820000 1252172.697947
4.830000 1250925.098096
4.840000 1249679.488478
4.850000 1248435.868424
4.860000 1247194.237215
4.870000 1245954.594082
4.880000 1244716.938209
4.890000 1243481.268731
4.900000 1242247.584735
4.910000 1241015.885262
4.920000 1239786.169309
4.930000 1238558.435824
4.940000 1237332.683716
4.950000 1236108.911847
4.960000 1234887.119037
4.970000 1233667.304066
4.980000 1232449.465670
4.990000 1231233.602545
5.000000 1230019.713350
5.010000 1228807.796701
5.020000 1227597.851177
5.030000 1226389.875321
5.040000 1225183.867635
5.050000 1223979.826587
5.060000 1222777.750610
5.070000 1221577.638099
5.080000 1220379.487415
5.090000 1219183.296887
5.100000 1217989.064807
5.110000 1216796.789438
5.120000 1215606.469009
5.130000 1214418.101715
5.140000 1213231.685722
5.150000 1212047.219167
5.160000 1210864.700154
5.170000 1209684.126758
5.180000 1208505.497025
5.190000 1207328.808975
5.200000 1206154.060597
5.210000 1204981.249852
5.220000 1203810.374678
5.230000 1202641.432982
5.240000 1201474.422648
5.250000 1200309.341533
5.260000 1199146.187470
5.270000 1197984.958267
5.280000 1196825.651707
5.290000 1195668.265551
5.300000 1194512.797535
5.310000 1193359.245374
5.320000 1192207.606759
5.330000 1191057.879361
5.340000 1189910.060827
5.350000 1188764.148785
5.360000 1187620.140841
5.370000 1186478.034582
5.380000 1185337.827575
5.390000 1184199.517366
5.400000 1183063.101484
5.410000 1181928.577437
5.420000 1180795.942716
5.430000 1179665.194795
5.440000 1178536.331129
5.450000 1177409.349155
5.460000 1176284.246296
5.470000 1175161.019956
5.480000 1174039.667523
5.490000 1172920.186370
5.500000 1171802.573855
5.510000 1170686.827318
5.520000 1169572.944089
5.530000 1168460.921478
5.540000 1167350.756785
5.550000 1166242.447294
5.560000 1165135.990276
5.570000 1164031.382988
5.580000 1162928.622676
5.590000 1161827.706571
5.600000 1160728.631892
5.610000 1159631.395847
5.620000 1158535.995632
5.630000 1157442.428430
5.640000 1156350.691414
5.650000 1155260.781746
5.660000 1154172.696577
5.670000 1153086.433047
5.680000 1152001.988286
5.690000 1150919.359414
5.700000 1149838.543542
5.710000 1148759.537772
5.720000 1147682.339193
5.730000 1146606.944890
5.740000 1145533.351936
5.750000 1144461.557397
5.760000 1143391.558329
5.770000 1142323.351783
5.780000 1141256.934798
5.790000 1140192.304409
5.800000 1139129.457641
5.810000 1138068.391514
5.820000 1137009.103039
5.830000 1135951.589223
5.840000 1134895.847062
5.850000 1133841.873550
5.860000 1132789.665672
5.870000 1131739.220409
5.880000 1130690.534735
5.890000 1129643.605618
5.900000 1128598.430022
5.910000 1127555.004905
5.920000 1126513.327219
5.930000 1125473.393912
5.940000 1124435.201929
5.950000 1123398.748208
5.960000 1122364.029683
5.970000 1121331.043285
5.980000 1120299.785940
5.990000 1119270.254570
6.000000 1118242.446095
6.010000 1117216.357429
6.020000 1116191.985485
6.030000 1115169.327171
6.040000 1114148.379392
6.050000 1113129.139052
6.060000 1112111.603050
6.070000 1111095.768284
6.080000 1110081.631648
6.090000 1109069.190035
6.100000 1108058.440335
6.110000 1107049.379436
6.120000 1106042.004225
6.130000 1105036.311585
6.140000 1104032.298401
6.150000 1103029.961552
6.160000 1102029.297919
6.170000 1101030.304381
6.180000 1100032.977814
6.190000 1099037.315095
6.200000 1098043.313100
6.210000 1097050.968704
6.220000 1096060.278779
6.230000 1095071.240200
6.240000 1094083.849839
6.250000 1093098.104569
6.260000 1092114.001262
6.270000 1091131.536790
6.280000 1090150.708026
6.290000 1089171.511842
6.300000 1088193.945109
6.310000 1087218.004701
6.320000 1086243.687491
6.330000 1085270.990351
6.340000 1084299.910157
6.350000 1083330.443783
6.360000 1082362.588104
6.370000 1081396.339996
6.380000 1080431.696338
6.390000 1079468.654006
6.400000 1078507.209881
6.410000 1077547.360843
6.420000 1076589.103774
6.430000 1075632.435556
6.440000 1074677.353076
6.450000 1073723.853219
6.460000 1072771.932872
6.470000 1071821.588925
6.480000 1070872.818270
6.490000 1069925.617799
6.500000 1068979.984408
6.510000 1068035.914993
6.520000 1067093.406454
6.530000 1066152.455692
6.540000 1065213.059609
6.550000 1064275.215112
6.560000 1063338.919108
6.570000 1062404.168509
6.580000 1061470.960225
6.590000 1060539.291174
6.600000 1059609.158273
6.610000 1058680.558442
6.620000 1057753.488605
6.630000 1056827.945688
6.640000 1055903.926620
6.650000 1054981.428331
6.660000 1054060.447758
6.670000 1053140.981838
6.680000 1052223.027512
6.690000 1051306.581723
6.700000 1050391.641418
6.710000 1049478.203548
6.720000 1048566.265067
6.730000 1047655.822931
6.740000 1046746.874100
6.750000 1045839.415538
6.760000 1044933.444212
6.770000 1044028.957093
6.780000 1043125.951155
6.790000 1042224.423375
6.800000 1041324.370735
6.810000 1040425.790220
6.820000 1039528.678818
6.830000 1038633.033523
6.840000 1037738.851331
6.850000 1036846.129242
6.860000 1035954.864260
6.870000 1035065.053393
6.880000 1034176.693653
6.890000 1033289.782057
6.900000 1032404.315624
6.910000 1031520.291378
6.920000 1030637.706348
6.930000 1029756.557567
6.940000 1028876.842070
6.950000 1027998.556899
6.960000 1027121.699099
6.970000 1026246.265719
6.980000 1025372.253813
6.990000 1024499.660439
7.000000 1023628.482659
7.010000 1022758.717540
7.020000 1021890.362154
7.030000 1021023.413575
7.040000 1020157.868885
7.050000 1019293.725169
7.060000 1018430.979514
7.070000 1017569.629015
7.080000 1016709.670771
7.090000 1015851.101885
7.100000 1014993.919464
7.110000 1014138.120621
7.120000 1013283.702472
7.130000 1012430.662141
7.140000 1011578.996752
7.150000 1010728.703437
7.160000 1009879.779333
7.170000 1009032.221580
7.180000 1008186.027324
7.190000 1007341.193716
7.200000 1006497.717911
7.210000 1005655.597068
7.220000 1004814.828354
7.230000 1003975.408939
7.240000 1003137.335996
7.250000 1002300.606708
7.260000 1001465.218257
7.270000 1000631.167835
7.280000 999798.452637
7.290000 998967.069861
7.300000 998137.016714
7.310000 997308.290405
7.320000 996480.888149
7.330000 995654.807167
7.340000 994830.044683
7.350000 994006.597929
7.360000 993184.464139
7.370000 992363.640555
7.380000 991544.124421
7.390000 990725.912990
7.400000 989909.003516
7.410000 989093.393261
7.420000 988279.079493
7.430000 987466.059481
7.440000 986654.330503
7.450000 985843.889842
7.460000 985034.734784
7.470000 984226.862622
7.480000 983420.270653
7.490000 982614.956181
7.500000 981810.916513
7.510000 981008.148964
7.520000 980206.650852
7.530000 979406.419502
7.540000 978607.452241
7.550000 977809.746406
7.560000 977013.299336
7.570000 976218.108377
7.580000 975424.170878
7.590000 974631.484196
7.600000 973840.045692
7.610000 973049.852732
7.620000 972260.902689
7.630000 971473.192940
7.640000 970686.720867
7.650000 969901.483857
7.660000 969117.479305
7.670000 968334.704609
7.680000 967553.157172
7.690000 966772.834405
7.700000 965993.733721
7.710000 965215.852542
7.720000 964439.188291
7.730000 963663.738400
7.740000 962889.500305
7.750000 962116.471448
7.760000 961344.649275
7.770000 960574.031239
7.780000 959804.614798
7.790000 959036.397413
7.800000 958269.376554
7.810000 957503.549695
7.820000 956738.914314
7.830000 955975.467896
7.840000 955213.207932
7.850000 954452.131915
7.860000 953692.237348
7.870000 952933.521735
7.880000 952175.982588
7.890000 951419.617425
7.900000 950664.423767
7.910000 949910.399142
7.920000 949157.541082
7.930000 948405.847126
7.940000 947655.314817
7.950000 946905.941705
7.960000 946157.725344
7.970000 945410.663294
7.980000 944664.753118
7.990000 943919.992389
8.000000 943176.378682
8.010000 942433.909578
8.020000 941692.582663
8.030000 940952.395529
8.040000 940213.345774
8.050000 939475.430999
8.060000 938738.648813
8.070000 938002.996829
8.080000 937268.472665
8.090000 936535.073946
8.100000 935802.798299
8.110000 935071.643361
8.120000 934341.606769
8.130000 933612.686170
8.140000 932884.879214
8.150000 932158.183557
8.160000 931432.596858
8.170000 930708.116786
8.180000 929984.741010
8.190000 929262.467208
8.200000 928541.293062
8.210000 927821.216260
8.220000 927102.234493
8.230000 926384.345460
8.240000 925667.546863
8.250000 924951.836412
8.260000 924237.211819
8.270000 923523.670803
8.280000 922811.211089
8.290000 922099.830405
8.300000 921389.526486
8.310000 920680.297072
8.320000 919972.139908
8.330000 919265.052743
8.340000 918559.033333
8.350000 917854.079438
8.360000 917150.188824
8.370000 916447.359262
8.380000 915745.588527
8.390000 915044.874400
8.400000 914345.214668
8.410000 913646.607123
8.420000 912949.049559
8.430000 912252.539780
8.440000 911557.075592
8.450000 910862.654807
8.460000 910169.275242
8.470000 909476.934718
8.480000 908785.631063
8.490000 908095.362109
8.500000 907406.125693
8.510000 906717.919658
8.520000 906030.741851
8.530000 905344.590125
8.540000 904659.462337
8.550000 903975.356349
8.560000 903292.270029
8.570000 902610.201250
8.580000 901929.147890
8.590000 901249.107830
8.600000 900570.078958
8.610000 899892.059168
8.620000 899215.046356
8.630000 898539.038425
8.640000 897864.033283
8.650000 897190.028841
8.660000 896517.023018
8.670000 895845.013735
8.680000 895173.998920
8.690000 894503.976505
8.700000 893834.944427
8.710000 893166.900627
8.720000 892499.843054
8.730000 891833.769658
8.740000 891168.678396
8.750000 890504.567229
8.760000 889841.434124
8.770000 889179.277053
8.780000 888518.093990
8.790000 887857.882917
8.800000 887198.641819
8.810000 886540.368688
8.820000 885883.061517
8.830000 885226.718308
8.840000 884571.337065
8.850000 883916.915797
8.860000 883263.452519
8.870000 882610.945251
8.880000 881959.392016
8.890000 881308.790842
8.900000 880659.139764
8.910000 880010.436818
8.920000 879362.680048
8.930000 878715.867502
8.940000 878069.997231
8.950000 877425.067293
8.960000 876781.075748
8.970000 876138.020664
8.980000 875495.900110
8.990000 874854.712163
9.000000 874214.454902
9.010000 873575.126412
9.020000 872936.724783
9.030000 872299.248109
9.040000 871662.694487
9.050000 871027.062022
9.060000 870392.348821
9.070000 869758.552996
9.080000 869125.672664
9.090000 868493.705946
9.100000 867862.650969
9.110000 867232.505863
9.120000 866603.268763
9.130000 865974.937808
9.140000 865347.511142
9.150000 864720.986914
9.160000 864095.363277
9.170000 863470.638388
9.180000 862846.810408
9.190000 862223.877506
9.200000 861601.837850
9.210000 860980.689617
9.220000 860360.430986
9.230000 859741.060141
9.240000 859122.575271
9.250000 858504.974568
9.260000 857888.256229
9.270000 857272.418457
9.280000 856657.459457
9.290000 856043.377439
9.300000 855430.170618
9.310000 854817.837214
9.320000 854206.375448
9.330000 853595.783550
9.340000 852986.059751
9.350000 852377.202287
9.360000 851769.209399
9.370000 851162.079332
9.380000 850555.810333
9.390000 849950.400658
9.400000 849345.848563
9.410000 848742.152311
9.420000 848139.310166
9.430000 847537.320401
9.440000 846936.181288
9.450000 846335.891106
9.460000 845736.448139
9.470000 845137.850673
9.480000 844540.097000
9.490000 843943.185415
9.500000 843347.114217
9.510000 842751.881709
9.520000 842157.486201
9.530000 841563.926003
9.540000 840971.199432
9.550000 840379.304807
9.560000 839788.240452
9.570000 839198.004697
9.580000 838608.595873
9.590000 838020.012317
9.600000 837432.252368
9.610000 836845.314372
9.620000 836259.196677
9.630000 835673.897636
9.640000 835089.415604
9.650000 834505.748943
9.660000 833922.896017
9.670000 833340.855194
9.680000 832759.624847
9.690000 832179.203353
9.700000 831599.589091
9.710000 831020.780446
9.720000 830442.775807
9.730000 829865.573565
9.740000 829289.172117
9.750000 828713.569862
9.760000 828138.765205
9.770000 827564.756553
9.780000 826991.542318
9.790000 826419.120916
9.800000 825847.490765
9.810000 825276.650289
9.820000 824706.597916
9.830000 824137.332076
9.840000 823568.851203
9.850000 823001.153737
9.860000 822434.238119
9.870000 821868.102796
9.880000 821302.746217
9.890000 820738.166837
9.900000 820174.363113
9.910000 819611.333506
9.920000 819049.076480
9.930000 818487.590505
9.940000 817926.874053
9.950000 817366.925599
9.960000 816807.743625
9.970000 816249.326613
9.980000 815691.673050
9.990000 815134.781428
10.000000 814578.650241
