0.000000 0.000000
0.010000 40391.894088
0.020000 80249.716249
0.030000 119549.079324
0.040000 158267.256233
0.050000 196383.253495
0.060000 233877.864071
0.070000 270733.709143
0.080000 306935.272678
0.090000 342468.928991
0.100000 377322.961493
0.110000 411487.570043
0.120000 444954.864401
0.130000 477718.841900
0.140000 509775.348355
0.150000 541122.022184
0.160000 571758.222658
0.170000 601684.943915
0.180000 630904.716951
0.190000 659421.502137
0.200000 687240.574940
0.210000 714368.407519
0.220000 740812.548694
0.230000 766581.504522
0.240000 791684.621429
0.250000 816131.973471
0.260000 839934.254986
0.270000 863102.679545
0.280000 885648.885836
0.290000 907584.850845
0.300000 928922.810476
0.310000 949675.187570
0.320000 969854.527157
0.330000 989473.438647
0.340000 1008544.544594
0.350000 1027080.435629
0.360000 1045093.631110
0.370000 1062596.545030
0.380000 1079601.456734
0.390000 1096120.485983
0.400000 1112165.571956
0.410000 1127748.455763
0.420000 1142880.666102
0.430000 1157573.507706
0.440000 1171838.052251
0.450000 1185685.131434
0.460000 1199125.331957
0.470000 1212168.992164
0.480000 1224826.200126
0.490000 1237106.792979
0.500000 1249020.357332
0.510000 1260576.230609
0.520000 1271783.503173
0.530000 1282651.021127
0.540000 1293187.389680
0.550000 1303400.976985
0.560000 1313299.918376
0.570000 1322892.120921
0.580000 1332185.268252
0.590000 1341186.825590
0.600000 1349904.044951
0.610000 1358343.970462
0.620000 1366513.443779
0.630000 1374419.109562
0.640000 1382067.420989
0.650000 1389464.645283
0.660000 1396616.869231
0.670000 1403530.004696
0.680000 1410209.794080
0.690000 1416661.815754
0.700000 1422891.489425
0.710000 1428904.081440
0.720000 1434704.710026
0.730000 1440298.350439
0.740000 1445689.840042
0.750000 1450883.883282
0.760000 1455885.056583
0.770000 1460697.813131
0.780000 1465326.487570
0.790000 1469775.300576
0.800000 1474048.363336
0.810000 1478149.681908
0.820000 1482083.161464
0.830000 1485852.610419
0.840000 1489461.744433
0.850000 1492914.190296
0.860000 1496213.489681
0.870000 1499363.102766
0.880000 1502366.411732
0.890000 1505226.724122
0.900000 1507947.276064
0.910000 1510531.235361
0.920000 1512981.704442
0.930000 1515301.723171
0.940000 1517494.271521
0.950000 1519562.272105
0.960000 1521508.592571
0.970000 1523336.047850
0.980000 1525047.402281
0.990000 1526645.371585
1.000000 1528132.624714
1.010000 1529511.785562
1.020000 1530785.434557
1.030000 1531956.110115
1.040000 1533026.309980
1.050000 1533998.492449
1.060000 1534875.077471
1.070000 1535658.447657
1.080000 1536350.949168
1.090000 1536954.892516
1.100000 1537472.553271
1.110000 1537906.172682
1.120000 1538257.958212
1.130000 1538530.084007
1.140000 1538724.691291
1.150000 1538843.888698
1.160000 1538889.752554
1.170000 1538864.327101
1.180000 1538769.624679
1.190000 1538607.625870
1.200000 1538380.279610
1.210000 1538089.503265
1.220000 1537737.182697
1.230000 1537325.172294
1.240000 1536855.295004
1.250000 1536329.342345
1.260000 1535749.074414
1.270000 1535116.219899
1.280000 1534432.476079
1.290000 1533699.508841
1.300000 1532918.952693
1.310000 1532092.410794
1.320000 1531221.454987
1.330000 1530307.625849
1.340000 1529352.432756
1.350000 1528357.353958
1.360000 1527323.836673
1.370000 1526253.297201
1.380000 1525147.121049
1.390000 1524006.663078
1.400000 1522833.247666
1.410000 1521628.168892
1.420000 1520392.690730
1.430000 1519128.047271
1.440000 1517835.442951
1.450000 1516516.052805
1.460000 1515171.022730
1.470000 1513801.469767
1.480000 1512408.482393
1.490000 1510993.120834
1.500000 1509556.417381
1.510000 1508099.376728
1.520000 1506622.976312
1.530000 1505128.166669
1.540000 1503615.871797
1.550000 1502086.989529
1.560000 1500542.391910
1.570000 1498982.925583
1.580000 1497409.412182
1.590000 1495822.648728
1.600000 1494223.408029
1.610000 1492612.439085
1.620000 1490990.467495
1.630000 1489358.195864
1.640000 1487716.304219
1.650000 1486065.450411
1.660000 1484406.270537
1.670000 1482739.379344
1.680000 1481065.370641
1.690000 1479384.817711
1.700000 1477698.273717
1.710000 1476006.272107
1.720000 1474309.327021
1.730000 1472607.933687
1.740000 1470902.568824
1.750000 1469193.691033
1.760000 1467481.741193
1.770000 1465767.142846
1.780000 1464050.302582
1.790000 1462331.610423
1.800000 1460611.440194
1.810000 1458890.149905
1.820000 1457168.082110
1.830000 1455445.564282
1.840000 1453722.909165
1.850000 1452000.415139
1.860000 1450278.366568
1.870000 1448557.034148
1.880000 1446836.675257
1.890000 1445117.534292
1.900000 1443399.843006
1.910000 1441683.820840
1.920000 1439969.675258
1.930000 1438257.602063
1.940000 1436547.785726
1.950000 1434840.399701
1.960000 1433135.606737
1.970000 1431433.559192
1.980000 1429734.399338
1.990000 1428038.259665
2.000000 1426345.263178
2.010000 1424655.523699
2.020000 1422969.146154
2.030000 1421286.226867
2.040000 1419606.853841
2.050000 1417931.107049
2.060000 1416259.058703
2.070000 1414590.773539
2.080000 1412926.309084
2.090000 1411265.715928
2.100000 1409609.037988
2.110000 1407956.312772
2.120000 1406307.571636
2.130000 1404662.840041
2.140000 1403022.137803
2.150000 1401385.479343
2.160000 1399752.873929
2.170000 1398124.325917
2.180000 1396499.834989
2.190000 1394879.396386
2.200000 1393263.001134
2.210000 1391650.636270
2.220000 1390042.285064
2.230000 1388437.927233
2.240000 1386837.539152
2.250000 1385241.094066
2.260000 1383648.562288
2.270000 1382059.911400
2.280000 1380475.106444
2.290000 1378894.110114
2.300000 1377316.882939
2.310000 1375743.383461
2.320000 1374173.568409
2.330000 1372607.392870
2.340000 1371044.810453
2.350000 1369485.773445
2.360000 1367930.232968
2.370000 1366378.139125
2.380000 1364829.441147
2.390000 1363284.087526
2.400000 1361742.026152
2.410000 1360203.204439
2.420000 1358667.569448
2.430000 1357135.068001
2.440000 1355605.646797
2.450000 1354079.252517
2.460000 1352555.831924
2.470000 1351035.331961
2.480000 1349517.699842
2.490000 1348002.883138
2.500000 1346490.829857
2.510000 1344981.488524
2.520000 1343474.808247
2.530000 1341970.738791
2.540000 1340469.230633
2.550000 1338970.235026
2.560000 1337473.704048
2.570000 1335979.590653
2.580000 1334487.848717
2.590000 1332998.433077
2.600000 1331511.299569
2.610000 1330026.405058
2.620000 1328543.707475
2.630000 1327063.165834
2.640000 1325584.740261
2.650000 1324108.392008
2.660000 1322634.083475
2.670000 1321161.778217
2.680000 1319691.440957
2.690000 1318223.037595
2.700000 1316756.535209
2.710000 1315291.902060
2.720000 1313829.107589
2.730000 1312368.122419
2.740000 1310908.918347
2.750000 1309451.468338
2.760000 1307995.746517
2.770000 1306541.728162
2.780000 1305089.389687
2.790000 1303638.708633
2.800000 1302189.663652
2.810000 1300742.234490
2.820000 1299296.401974
2.830000 1297852.147989
2.840000 1296409.455464
2.850000 1294968.308346
2.860000 1293528.691588
2.870000 1292090.591118
2.880000 1290653.993826
2.890000 1289218.887535
2.900000 1287785.260981
2.910000 1286353.103790
2.920000 1284922.406454
2.930000 1283493.160306
2.940000 1282065.357498
2.950000 1280638.990975
2.960000 1279214.054452
2.970000 1277790.542391
2.980000 1276368.449974
2.990000 1274947.773080
3.000000 1273528.508262
3.010000 1272110.652724
3.020000 1270694.204293
3.030000 1269279.161401
3.040000 1267865.523059
3.050000 1266453.288834
3.060000 1265042.458827
3.070000 1263633.033652
3.080000 1262225.014413
3.090000 1260818.402682
3.100000 1259413.200479
3.110000 1258009.410251
3.120000 1256607.034851
3.130000 1255206.077521
3.140000 1253806.541868
3.150000 1252408.431849
3.160000 1251011.751752
3.170000 1249616.506175
3.180000 1248222.700013
3.190000 1246830.338436
3.200000 1245439.426878
3.210000 1244049.971016
3.220000 1242661.976756
3.230000 1241275.450218
3.240000 1239890.397722
3.250000 1238506.825773
3.260000 1237124.741045
3.270000 1235744.150373
3.280000 1234365.060733
3.290000 1232987.479236
3.300000 1231611.413112
3.310000 1230236.869700
3.320000 1228863.856435
3.330000 1227492.380840
3.340000 1226122.450513
3.350000 1224754.073119
3.360000 1223387.256379
3.370000 1222022.008059
3.380000 1220658.335968
3.390000 1219296.247939
3.400000 1217935.751832
3.410000 1216576.855517
3.420000 1215219.566872
3.430000 1213863.893773
3.440000 1212509.844091
3.450000 1211157.425680
3.460000 1209806.646374
3.470000 1208457.513982
3.480000 1207110.036281
3.490000 1205764.221009
3.500000 1204420.075863
3.510000 1203077.608493
3.520000 1201736.826497
3.530000 1200397.737415
3.540000 1199060.348731
3.550000 1197724.667860
3.560000 1196390.702154
3.570000 1195058.458889
3.580000 1193727.945270
3.590000 1192399.168425
3.600000 1191072.135398
3.610000 1189746.853154
3.620000 1188423.328570
3.630000 1187101.568437
3.640000 1185781.579455
3.650000 1184463.368233
3.660000 1183146.941285
3.670000 1181832.305030
3.680000 1180519.465791
3.690000 1179208.429791
3.700000 1177899.203156
3.710000 1176591.791908
3.720000 1175286.201969
3.730000 1173982.439157
3.740000 1172680.509188
3.750000 1171380.417672
3.760000 1170082.170115
3.770000 1168785.771916
3.780000 1167491.228369
3.790000 1166198.544663
3.800000 1164907.725878
3.810000 1163618.776989
3.820000 1162331.702862
3.830000 1161046.508259
3.840000 1159763.197832
3.850000 1158481.776128
3.860000 1157202.247587
3.870000 1155924.616542
3.880000 1154648.887220
3.890000 1153375.063742
3.900000 1152103.150123
3.910000 1150833.150274
3.920000 1149565.068001
3.930000 1148298.907004
3.940000 1147034.670881
3.950000 1145772.363126
3.960000 1144511.987133
3.970000 1143253.546190
3.980000 1141997.043486
3.990000 1140742.482110
4.000000 1139489.865050
4.010000 1138239.195196
4.020000 1136990.475339
4.030000 1135743.708172
4.040000 1134498.896292
4.050000 1133256.042202
4.060000 1132015.148306
4.070000 1130776.216916
4.080000 1129539.250253
4.090000 1128304.250441
4.100000 1127071.219517
4.110000 1125840.159424
4.120000 1124611.072018
4.130000 1123383.959064
4.140000 1122158.822242
4.150000 1120935.663143
4.160000 1119714.483272
4.170000 1118495.284051
4.180000 1117278.066818
4.190000 1116062.832826
4.200000 1114849.583247
4.210000 1113638.319174
4.220000 1112429.041617
4.230000 1111221.751508
4.240000 1110016.449703
4.250000 1108813.136977
4.260000 1107611.814033
4.270000 1106412.481496
4.280000 1105215.139917
4.290000 1104019.789777
4.300000 1102826.431480
4.310000 1101635.065362
4.320000 1100445.691688
4.330000 1099258.310653
4.340000 1098072.922384
4.350000 1096889.526941
4.360000 1095708.124318
4.370000 1094528.714440
4.380000 1093351.297172
4.390000 1092175.872312
4.400000 1091002.439596
4.410000 1089830.998700
4.420000 1088661.549235
4.430000 1087494.090756
4.440000 1086328.622756
4.450000 1085165.144671
4.460000 1084003.655879
4.470000 1082844.155702
4.480000 1081686.643406
4.490000 1080531.118201
4.500000 1079377.579244
4.510000 1078226.025640
4.520000 1077076.456439
4.530000 1075928.870642
4.540000 1074783.267197
4.550000 1073639.645003
4.560000 1072498.002911
4.570000 1071358.339722
4.580000 1070220.654190
4.590000 1069084.945022
4.600000 1067951.210881
4.610000 1066819.450381
4.620000 1065689.662094
4.630000 1064561.844548
4.640000 1063435.996227
4.650000 1062312.115575
4.660000 1061190.200991
4.670000 1060070.250835
4.680000 1058952.263428
4.690000 1057836.237048
4.700000 1056722.169938
4.710000 1055610.060301
4.720000 1054499.906301
4.730000 1053391.706069
4.740000 1052285.457696
4.750000 1051181.159239
4.760000 1050078.808721
4.770000 1048978.404130
4.780000 1047879.943420
4.790000 1046783.424512
4.800000 1045688.845295
4.810000 1044596.203625
4.820000 1043505.497329
4.830000 1042416.724202
4.840000 1041329.882007
4.850000 1040244.968482
4.860000 1039161.981331
4.870000 1038080.918233
4.880000 1037001.776838
4.890000 1035924.554768
4.900000 1034849.249620
4.910000 1033775.858963
4.920000 1032704.380341
4.930000 1031634.811272
4.940000 1030567.149249
4.950000 1029501.391744
4.960000 1028437.536200
4.970000 1027375.580041
4.980000 1026315.520665
4.990000 1025257.355451
5.000000 1024201.081753
5.010000 1023146.696905
5.020000 1022094.198220
5.030000 1021043.582990
5.040000 1019994.848487
5.050000 1018947.991964
5.060000 1017903.010654
5.070000 1016859.901770
5.080000 1015818.662509
5.090000 1014779.290049
5.100000 1013741.781550
5.110000 1012706.134155
5.120000 1011672.344989
5.130000 1010640.411163
5.140000 1009610.329771
5.150000 1008582.097889
5.160000 1007555.712581
5.170000 1006531.170893
5.180000 1005508.469860
5.190000 1004487.606499
5.200000 1003468.577816
5.210000 1002451.380801
5.220000 1001436.012432
5.230000 1000422.469675
5.240000 999410.749481
5.250000 998400.848791
5.260000 997392.764534
5.270000 996386.493624
5.280000 995382.032969
5.290000 994379.379461
5.300000 993378.529985
5.310000 992379.481413
5.320000 991382.230608
5.330000 990386.774424
5.340000 989393.109704
5.350000 988401.233281
5.360000 987411.141982
5.370000 986422.832623
5.380000 985436.302011
5.390000 984451.546946
5.400000 983468.564220
5.410000 982487.350617
5.420000 981507.902913
5.430000 980530.217879
5.440000 979554.292275
5.450000 978580.122858
5.460000 977607.706377
5.470000 976637.039575
5.480000 975668.119188
5.490000 974700.941948
5.500000 973735.504579
5.510000 972771.803802
5.520000 971809.836332
5.530000 970849.598877
5.540000 969891.088145
5.550000 968934.300834
5.560000 967979.233641
5.570000 967025.883258
5.580000 966074.246374
5.590000 965124.319672
5.600000 964176.099833
5.610000 963229.583534
5.620000 962284.767451
5.630000 961341.648253
5.640000 960400.222608
5.650000 959460.487184
5.660000 958522.438642
5.670000 957586.073643
5.680000 956651.388846
5.690000 955718.380907
5.700000 954787.046482
5.710000 953857.382222
5.720000 952929.384779
5.730000 952003.050805
5.740000 951078.376946
5.750000 950155.359852
5.760000 949233.996168
5.770000 948314.282541
5.780000 947396.215617
5.790000 946479.792040
5.800000 945565.008454
5.810000 944651.861504
5.820000 943740.347834
5.830000 942830.464088
5.840000 941922.206911
5.850000 941015.572946
5.860000 940110.558839
5.870000 939207.161236
5.880000 938305.376782
5.890000 937405.202124
5.900000 936506.633911
5.910000 935609.668790
5.920000 934714.303411
5.930000 933820.534427
5.940000 932928.358488
5.950000 932037.772248
5.960000 931148.772364
5.970000 930261.355491
5.980000 929375.518289
5.990000 928491.257417
6.000000 927608.569539
6.010000 926727.451318
6.020000 925847.899422
6.030000 924969.910518
6.040000 924093.481278
6.050000 923218.608375
6.060000 922345.288485
6.070000 921473.518286
6.080000 920603.294460
6.090000 919734.613690
6.100000 918867.472663
6.110000 918001.868068
6.120000 917137.796598
6.130000 916275.254949
6.140000 915414.239818
6.150000 914554.747907
6.160000 913696.775923
6.170000 912840.320573
6.180000 911985.378568
6.190000 911131.946625
6.200000 910280.021462
6.210000 909429.599802
6.220000 908580.678370
6.230000 907733.253897
6.240000 906887.323116
6.250000 906042.882765
6.260000 905199.929586
6.270000 904358.460323
6.280000 903518.471726
6.290000 902679.960550
6.300000 901842.923551
6.310000 901007.357493
6.320000 900173.259140
6.330000 899340.625264
6.340000 898509.452640
6.350000 897679.738047
6.360000 896851.478268
6.370000 896024.670093
6.380000 895199.310315
6.390000 894375.395730
6.400000 893552.923142
6.410000 892731.889357
6.420000 891912.291187
6.430000 891094.125448
6.440000 890277.388962
6.450000 889462.078555
6.460000 888648.191058
6.470000 887835.723308
6.480000 887024.672145
6.490000 886215.034416
6.500000 885406.806972
6.510000 884599.986669
6.520000 883794.570370
6.530000 882990.554939
6.540000 882187.937250
6.550000 881386.714180
6.560000 880586.882610
6.570000 879788.439430
6.580000 878991.381531
6.590000 878195.705813
6.600000 877401.409179
6.610000 876608.488538
6.620000 875816.940806
6.630000 875026.762903
6.640000 874237.951754
6.650000 873450.504291
6.660000 872664.417450
6.670000 871879.688175
6.680000 871096.313413
6.690000 870314.290118
6.700000 869533.615249
6.710000 868754.285772
6.720000 867976.298657
6.730000 867199.650882
6.740000 866424.339427
6.750000 865650.361282
6.760000 864877.713440
6.770000 864106.392900
6.780000 863336.396669
6.790000 862567.721758
6.800000 861800.365183
6.810000 861034.323968
6.820000 860269.595142
6.830000 859506.175740
6.840000 858744.062803
6.850000 857983.253377
6.860000 857223.744515
6.870000 856465.533275
6.880000 855708.616723
6.890000 854952.991930
6.900000 854198.655971
6.910000 853445.605929
6.920000 852693.838894
6.930000 851943.351960
6.940000 851194.142227
6.950000 850446.206804
6.960000 849699.542802
6.970000 848954.147341
6.980000 848210.017546
6.990000 847467.150548
7.000000 846725.543484
7.010000 845985.193499
7.020000 845246.097741
7.030000 844508.253367
7.040000 843771.657539
7.050000 843036.307423
7.060000 842302.200196
7.070000 841569.333036
7.080000 840837.703131
7.090000 840107.307673
7.100000 839378.143861
7.110000 838650.208901
7.120000 837923.500003
7.130000 837198.014384
7.140000 836473.749269
7.150000 835750.701888
7.160000 835028.869476
7.170000 834308.249275
7.180000 833588.838534
7.190000 832870.634508
7.200000 832153.634458
7.210000 831437.835649
7.220000 830723.235357
7.230000 830009.830860
7.240000 829297.619443
7.250000 828586.598400
7.260000 827876.765027
7.270000 827168.116630
7.280000 826460.650518
7.290000 825754.364009
7.300000 825049.254425
7.310000 824345.319095
7.320000 823642.555356
7.330000 822940.960548
7.340000 822240.532020
7.350000 821541.267125
7.360000 820843.163223
7.370000 820146.217681
7.380000 819450.427872
7.390000 818755.791174
7.400000 818062.304972
7.410000 817369.966658
7.420000 816678.773628
7.430000 815988.723287
7.440000 815299.813043
7.450000 814612.040314
7.460000 813925.402520
7.470000 813239.897090
7.480000 812555.521458
7.490000 811872.273066
7.500000 811190.149359
7.510000 810509.147790
7.520000 809829.265819
7.530000 809150.500911
7.540000 808472.850536
7.550000 807796.312172
7.560000 807120.883302
7.570000 806446.561417
7.580000 805773.344011
7.590000 805101.228587
7.600000 804430.212652
7.610000 803760.293720
7.620000 803091.469312
7.630000 802423.736954
7.640000 801757.094177
7.650000 801091.538520
7.660000 800427.067527
7.670000 799763.678749
7.680000 799101.369741
7.690000 798440.138067
7.700000 797779.981295
7.710000 797120.896998
7.720000 796462.882759
7.730000 795805.936162
7.740000 795150.054801
7.750000 794495.236274
7.760000 793841.478185
7.770000 793188.778145
7.780000 792537.133769
7.790000 791886.542681
7.800000 791237.002508
7.810000 790588.510885
7.820000 789941.065452
7.830000 789294.663853
7.840000 788649.303743
7.850000 788004.982777
7.860000 787361.698620
7.870000 786719.448942
7.880000 786078.231417
7.890000 785438.043727
7.900000 784798.883560
7.910000 784160.748607
7.920000 783523.636568
7.930000 782887.545147
7.940000 782252.472054
7.950000 781618.415007
7.960000 780985.371726
7.970000 780353.339940
7.980000 779722.317381
7.990000 779092.301790
8.000000 778463.290912
8.010000 777835.282496
8.020000 777208.274299
8.030000 776582.264085
8.040000 775957.249619
8.050000 775333.228677
8.060000 774710.199037
8.070000 774088.158485
8.080000 773467.104810
8.090000 772847.035809
8.100000 772227.949284
8.110000 771609.843043
8.120000 770992.714898
8.130000 770376.562669
8.140000 769761.384179
8.150000 769147.177259
8.160000 768533.939744
8.170000 767921.669475
8.180000 767310.364299
8.190000 766700.022067
8.200000 766090.640638
8.210000 765482.217875
8.220000 764874.751646
8.230000 764268.239825
8.240000 763662.680292
8.250000 763058.070933
8.260000 762454.409638
8.270000 761851.694302
8.280000 761249.922828
8.290000 760649.093122
8.300000 760049.203097
8.310000 759450.250670
8.320000 758852.233764
8.330000 758255.150308
8.340000 757658.998235
8.350000 757063.775486
8.360000 756469.480003
8.370000 755876.109738
8.380000 755283.662645
8.390000 754692.136685
8.400000 754101.529824
8.410000 753511.840032
8.420000 752923.065286
8.430000 752335.203568
8.440000 751748.252864
8.450000 751162.211167
8.460000 750577.076473
8.470000 749992.846785
8.480000 749409.520111
8.490000 748827.094464
8.500000 748245.567862
8.510000 747664.938327
8.520000 747085.203889
8.530000 746506.362581
8.540000 745928.412442
8.550000 745351.351514
8.560000 744775.177848
8.570000 744199.889496
8.580000 743625.484518
8.590000 743051.960978
8.600000 742479.316946
8.610000 741907.550494
8.620000 741336.659703
8.630000 740766.642657
8.640000 740197.497444
8.650000 739629.222160
8.660000 739061.814902
8.670000 738495.273776
8.680000 737929.596890
8.690000 737364.782358
8.700000 736800.828300
8.710000 736237.732839
8.720000 735675.494104
8.730000 735114.110229
8.740000 734553.579352
8.750000 733993.899616
8.760000 733435.069171
8.770000 732877.086168
8.780000 732319.948767
8.790000 731763.655129
8.800000 731208.203423
8.810000 730653.591821
8.820000 730099.818499
8.830000 729546.881640
8.840000 728994.779431
8.850000 728443.510063
8.860000 727893.071732
8.870000 727343.462639
8.880000 726794.680990
8.890000 726246.724995
8.900000 725699.592869
8.910000 725153.282831
8.920000 724607.793107
8.930000 724063.121924
8.940000 723519.267517
8.950000 722976.228124
8.960000 722434.001988
8.970000 721892.587356
8.980000 721351.982480
8.990000 720812.185617
9.000000 720273.195028
9.010000 719735.008979
9.020000 719197.625740
9.030000 718661.043586
9.040000 718125.260796
9.050000 717590.275655
9.060000 717056.086450
9.070000 716522.691474
9.080000 715990.089025
9.090000 715458.277404
9.100000 714927.254918
9.110000 714397.019877
9.120000 713867.570596
9.130000 713338.905395
9.140000 712811.022598
9.150000 712283.920532
9.160000 711757.597531
9.170000 711232.051932
9.180000 710707.282075
9.190000 710183.286307
9.200000 709660.062978
9.210000 709137.610441
9.220000 708615.927056
9.230000 708095.011186
9.240000 707574.861197
9.250000 707055.475461
9.260000 706536.852354
9.270000 706018.990256
9.280000 705501.887552
9.290000 704985.542629
9.300000 704469.953880
9.310000 703955.119702
9.320000 703441.038497
9.330000 702927.708669
9.340000 702415.128628
9.350000 701903.296787
9.360000 701392.211565
9.370000 700881.871382
9.380000 700372.274665
9.390000 699863.419845
9.400000 699355.305354
9.410000 698847.929632
9.420000 698341.291121
9.430000 697835.388266
9.440000 697330.219520
9.450000 696825.783335
9.460000 696322.078171
9.470000 695819.102490
9.480000 695316.854759
9.490000 694815.333448
9.500000 694314.537031
9.510000 693814.463988
9.520000 693315.112801
9.530000 692816.481956
9.540000 692318.569943
9.550000 691821.375257
9.560000 691324.896397
9.570000 690829.131863
9.580000 690334.080163
9.590000 689839.739806
9.600000 689346.109305
9.610000 688853.187179
9.620000 688360.971950
9.630000 687869.462142
9.640000 687378.656284
9.650000 686888.552910
9.660000 686399.150557
9.670000 685910.447764
9.680000 685422.443077
9.690000 684935.135044
9.700000 684448.522217
9.710000 683962.603150
9.720000 683477.376405
9.730000 682992.840544
9.740000 682508.994134
9.750000 682025.835745
9.760000 681543.363952
9.770000 681061.577334
9.780000 680580.474471
9.790000 680100.053949
9.800000 679620.314358
9.810000 679141.254290
9.820000 678662.872341
9.830000 678185.167111
9.840000 677708.137204
9.850000 677231.781228
9.860000 676756.097792
9.870000 676281.085512
9.880000 675806.743006
9.890000 675333.068894
9.900000 674860.061803
9.910000 674387.720361
9.920000 673916.043199
9.930000 673445.028955
9.940000 672974.676267
9.950000 672504.983778
9.960000 672035.950134
9.970000 671567.573985
9.980000 671099.853984
9.990000 670632.788789
10.000000 670166.377058
