0.000000 0.000000
0.010000 40290.584677
0.020000 80048.487741
0.030000 119249.380592
0.040000 157870.590454
0.050000 195891.173745
0.060000 233291.968804
0.070000 270055.637569
0.080000 306166.700071
0.090000 341611.561928
0.100000 376378.533068
0.110000 410457.835070
0.120000 443841.594658
0.130000 476523.821449
0.140000 508500.368975
0.150000 539768.878969
0.160000 570328.709813
0.170000 600180.850781
0.180000 629327.824291
0.190000 657773.578699
0.200000 685523.374313
0.210000 712583.665292
0.220000 738961.979910
0.230000 764666.801437
0.240000 789707.451552
0.250000 814093.977887
0.260000 837837.046938
0.270000 860947.843258
0.280000 883437.975576
0.290000 905319.390179
0.300000 926604.291723
0.310000 947305.071429
0.320000 967434.242484
0.330000 987004.382366
0.340000 1006028.081735
0.350000 1024517.899467
0.360000 1042486.323397
0.370000 1059945.736309
0.380000 1076908.386713
0.390000 1093386.363976
0.400000 1109391.577364
0.410000 1124935.738599
0.420000 1140030.347547
0.430000 1154686.680690
0.440000 1168915.782054
0.450000 1182728.456303
0.460000 1196135.263729
0.470000 1209146.516902
0.480000 1221772.278752
0.490000 1234022.361909
0.500000 1245906.329110
0.510000 1257433.494534
0.520000 1268612.925922
0.530000 1279453.447368
0.540000 1289963.642676
0.550000 1300151.859189
0.560000 1310026.212013
0.570000 1319594.588559
0.580000 1328864.653362
0.590000 1337843.853089
0.600000 1346539.421736
0.610000 1354958.385926
0.620000 1363107.570317
0.630000 1370993.603064
0.640000 1378622.921311
0.650000 1386001.776713
0.660000 1393136.240939
0.670000 1400032.211165
0.680000 1406695.415532
0.690000 1413131.418550
0.700000 1419345.626465
0.710000 1425343.292543
0.720000 1431129.522294
0.730000 1436709.278615
0.740000 1442087.386848
0.750000 1447268.539752
0.760000 1452257.302377
0.770000 1457058.116843
0.780000 1461675.307018
0.790000 1466113.083087
0.800000 1470375.546016
0.810000 1474466.691901
0.820000 1478390.416202
0.830000 1482150.517860
0.840000 1485750.703293
0.850000 1489194.590267
0.860000 1492485.711638
0.870000 1495627.518975
0.880000 1498623.386037
0.890000 1501476.612131
0.900000 1504190.425326
0.910000 1506767.985534
0.920000 1509212.387456
0.930000 1511526.663380
0.940000 1513713.785853
0.950000 1515776.670203
0.960000 1517718.176928
0.970000 1519541.113943
0.980000 1521248.238691
0.990000 1522842.260121
1.000000 1524325.840528
1.010000 1525701.597261
1.020000 1526972.104309
1.030000 1528139.893756
1.040000 1529207.457116
1.050000 1530177.246548
1.060000 1531051.675966
1.070000 1531833.122034
1.080000 1532523.925060
1.090000 1533126.389790
1.100000 1533642.786117
1.110000 1534075.349696
1.120000 1534426.282486
1.130000 1534697.753206
1.140000 1534891.897740
1.150000 1535010.819464
1.160000 1535056.589525
1.170000 1535031.247066
1.180000 1534936.799410
1.190000 1534775.222203
1.200000 1534548.459521
1.210000 1534258.423954
1.220000 1533906.996662
1.230000 1533496.027416
1.240000 1533027.334621
1.250000 1532502.705334
1.260000 1531923.895270
1.270000 1531292.628812
1.280000 1530610.599015
1.290000 1529879.467620
1.300000 1529100.865070
1.310000 1528276.390535
1.320000 1527407.611948
1.330000 1526496.066056
1.340000 1525543.258483
1.350000 1524550.663804
1.360000 1523519.725642
1.370000 1522451.856777
1.380000 1521348.439275
1.390000 1520210.824633
1.400000 1519040.333941
1.410000 1517838.258063
1.420000 1516605.857839
1.430000 1515344.364296
1.440000 1514054.978883
1.450000 1512738.873719
1.460000 1511397.191862
1.470000 1510031.047581
1.480000 1508641.526656
1.490000 1507229.686685
1.500000 1505796.557402
1.510000 1504343.141011
1.520000 1502870.412529
1.530000 1501379.320138
1.540000 1499870.785548
1.550000 1498345.704369
1.560000 1496804.946488
1.570000 1495249.356454
1.580000 1493679.753868
1.590000 1492096.933780
1.600000 1490501.667086
1.610000 1488894.700936
1.620000 1487276.759134
1.630000 1485648.542550
1.640000 1484010.729528
1.650000 1482363.976298
1.660000 1480708.917383
1.670000 1479046.166013
1.680000 1477376.314532
1.690000 1475699.934808
1.700000 1474017.578638
1.710000 1472329.778157
1.720000 1470637.046233
1.730000 1468939.876877
1.740000 1467238.745630
1.750000 1465534.109966
1.760000 1463826.409676
1.770000 1462116.067258
1.780000 1460403.488304
1.790000 1458689.061874
1.800000 1456973.160875
1.810000 1455256.142434
1.820000 1453538.348266
1.830000 1451820.105037
1.840000 1450101.724725
1.850000 1448383.504976
1.860000 1446665.729455
1.870000 1444948.668196
1.880000 1443232.577945
1.890000 1441517.702501
1.900000 1439804.273047
1.910000 1438092.508491
1.920000 1436382.615785
1.930000 1434674.790257
1.940000 1432969.215926
1.950000 1431266.065822
1.960000 1429565.502298
1.970000 1427867.677341
1.980000 1426172.732877
1.990000 1424480.801072
2.000000 1422792.004635
2.010000 1421106.457110
2.020000 1419424.263170
2.030000 1417745.518904
2.040000 1416070.312107
2.050000 1414398.722556
2.060000 1412730.822291
2.070000 1411066.675893
2.080000 1409406.340751
2.090000 1407749.867335
2.100000 1406097.299460
2.110000 1404448.674544
2.120000 1402804.023871
2.130000 1401163.372844
2.140000 1399526.741234
2.150000 1397894.143430
2.160000 1396265.588682
2.170000 1394641.081341
2.180000 1393020.621092
2.190000 1391404.203191
2.200000 1389791.818691
2.210000 1388183.454666
2.220000 1386579.094429
2.230000 1384978.717750
2.240000 1383382.301069
2.250000 1381789.817697
2.260000 1380201.238025
2.270000 1378616.529717
2.280000 1377035.657906
2.290000 1375458.585379
2.300000 1373885.272766
2.310000 1372315.678713
2.320000 1370749.760059
2.330000 1369187.472005
2.340000 1367628.768274
2.350000 1366073.601275
2.360000 1364521.922252
2.370000 1362973.681433
2.380000 1361428.828174
2.390000 1359887.311099
2.400000 1358349.078226
2.410000 1356814.077100
2.420000 1355282.254914
2.430000 1353753.558622
2.440000 1352227.935057
2.450000 1350705.331030
2.460000 1349185.693438
2.470000 1347668.969354
2.480000 1346155.106124
2.490000 1344644.051449
2.500000 1343135.753464
2.510000 1341630.160822
2.520000 1340127.222758
2.530000 1338626.889158
2.540000 1337129.110624
2.550000 1335633.838528
2.560000 1334141.025065
2.570000 1332650.623307
2.580000 1331162.587242
2.590000 1329676.871817
2.600000 1328193.432978
2.610000 1326712.227696
2.620000 1325233.214004
2.630000 1323756.351017
2.640000 1322281.598958
2.650000 1320808.919176
2.660000 1319338.274160
2.670000 1317869.627555
2.680000 1316402.944171
2.690000 1314938.189990
2.700000 1313475.332171
2.710000 1312014.339051
2.720000 1310555.180147
2.730000 1309097.826152
2.740000 1307642.248932
2.750000 1306188.421516
2.760000 1304736.318095
2.770000 1303285.914004
2.780000 1301837.185715
2.790000 1300390.110822
2.800000 1298944.668029
2.810000 1297500.837132
2.820000 1296058.599002
2.830000 1294617.935568
2.840000 1293178.829800
2.850000 1291741.265684
2.860000 1290305.228207
2.870000 1288870.703333
2.880000 1287437.677980
2.890000 1286006.140001
2.900000 1284576.078160
2.910000 1283147.482105
2.920000 1281720.342350
2.930000 1280294.650250
2.940000 1278870.397974
2.950000 1277447.578483
2.960000 1276026.185506
2.970000 1274606.213518
2.980000 1273187.657711
2.990000 1271770.513974
3.000000 1270354.778866
3.010000 1268940.449597
3.020000 1267527.523998
3.030000 1266116.000504
3.040000 1264705.878126
3.050000 1263297.156432
3.060000 1261889.835523
3.070000 1260483.916008
3.080000 1259079.398987
3.090000 1257676.286029
3.100000 1256274.579146
3.110000 1254874.280778
3.120000 1253475.393771
3.130000 1252077.921357
3.140000 1250681.867134
3.150000 1249287.235047
3.160000 1247894.029372
3.170000 1246502.254696
3.180000 1245111.915901
3.190000 1243723.018142
3.200000 1242335.566839
3.210000 1240949.567654
3.220000 1239565.026478
3.230000 1238181.949415
3.240000 1236800.342768
3.250000 1235420.213025
3.260000 1234041.566843
3.270000 1232664.411038
3.280000 1231288.752570
3.290000 1229914.598530
3.300000 1228541.956130
3.310000 1227170.832690
3.320000 1225801.235626
3.330000 1224433.172441
3.340000 1223066.650714
3.350000 1221701.678090
3.360000 1220338.262270
3.370000 1218976.411002
3.380000 1217616.132071
3.390000 1216257.433295
3.400000 1214900.322510
3.410000 1213544.807567
3.420000 1212190.896324
3.430000 1210838.596639
3.440000 1209487.916359
3.450000 1208138.863320
3.460000 1206791.445336
3.470000 1205445.670196
3.480000 1204101.545657
3.490000 1202759.079438
3.500000 1201418.279217
3.510000 1200079.152622
3.520000 1198741.707233
3.530000 1197405.950573
3.540000 1196071.890103
3.550000 1194739.533222
3.560000 1193408.887262
3.570000 1192079.959481
3.580000 1190752.757067
3.590000 1189427.287127
3.600000 1188103.556690
3.610000 1186781.572702
3.620000 1185461.342023
3.630000 1184142.871425
3.640000 1182826.167594
3.650000 1181511.237120
3.660000 1180198.086501
3.670000 1178886.722140
3.680000 1177577.150344
3.690000 1176269.377322
3.700000 1174963.409180
3.710000 1173659.251929
3.720000 1172356.911474
3.730000 1171056.393618
3.740000 1169757.704064
3.750000 1168460.848406
3.760000 1167165.832138
3.770000 1165872.660644
3.780000 1164581.339205
3.790000 1163291.872997
3.800000 1162004.267086
3.810000 1160718.526436
3.820000 1159434.655900
3.830000 1158152.660228
3.840000 1156872.544060
3.850000 1155594.311932
3.860000 1154317.968272
3.870000 1153043.517402
3.880000 1151770.963539
3.890000 1150500.310793
3.900000 1149231.563169
3.910000 1147964.724569
3.920000 1146699.798787
3.930000 1145436.789516
3.940000 1144175.700344
3.950000 1142916.534756
3.960000 1141659.296137
3.970000 1140403.987767
3.980000 1139150.612828
3.990000 1137899.174399
4.000000 1136649.675462
4.010000 1135402.118899
4.020000 1134156.507494
4.030000 1132912.843933
4.040000 1131671.130808
4.050000 1130431.370613
4.060000 1129193.565747
4.070000 1127957.718517
4.080000 1126723.831137
4.090000 1125491.905726
4.100000 1124261.944316
4.110000 1123033.948845
4.120000 1121807.921164
4.130000 1120583.863034
4.140000 1119361.776130
4.150000 1118141.662039
4.160000 1116923.522263
4.170000 1115707.358219
4.180000 1114493.171242
4.190000 1113280.962582
4.200000 1112070.733409
4.210000 1110862.484811
4.220000 1109656.217797
4.230000 1108451.933296
4.240000 1107249.632162
4.250000 1106049.315168
4.260000 1104850.983014
4.270000 1103654.636324
4.280000 1102460.275649
4.290000 1101267.901466
4.300000 1100077.514180
4.310000 1098889.114125
4.320000 1097702.701566
4.330000 1096518.276697
4.340000 1095335.839644
4.350000 1094155.390468
4.360000 1092976.929161
4.370000 1091800.455651
4.380000 1090625.969801
4.390000 1089453.471409
4.400000 1088282.960214
4.410000 1087114.435890
4.420000 1085947.898051
4.430000 1084783.346251
4.440000 1083620.779986
4.450000 1082460.198693
4.460000 1081301.601751
4.470000 1080144.988483
4.480000 1078990.358157
4.490000 1077837.709986
4.500000 1076687.043129
4.510000 1075538.356691
4.520000 1074391.649727
4.530000 1073246.921238
4.540000 1072104.170175
4.550000 1070963.395442
4.560000 1069824.595890
4.570000 1068687.770324
4.580000 1067552.917501
4.590000 1066420.036132
4.600000 1065289.124881
4.610000 1064160.182367
4.620000 1063033.207166
4.630000 1061908.197809
4.640000 1060785.152783
4.650000 1059664.070536
4.660000 1058544.949471
4.670000 1057427.787953
4.680000 1056312.584306
4.690000 1055199.336813
4.700000 1054088.043720
4.710000 1052978.703234
4.720000 1051871.313527
4.730000 1050765.872731
4.740000 1049662.378943
4.750000 1048560.830226
4.760000 1047461.224606
4.770000 1046363.560076
4.780000 1045267.834596
4.790000 1044174.046091
4.800000 1043082.192456
4.810000 1041992.271553
4.820000 1040904.281213
4.830000 1039818.219236
4.840000 1038734.083393
4.850000 1037651.871425
4.860000 1036571.581043
4.870000 1035493.209931
4.880000 1034416.755745
4.890000 1033342.216114
4.900000 1032269.588639
4.910000 1031198.870895
4.920000 1030130.060434
4.930000 1029063.154779
4.940000 1027998.151430
4.950000 1026935.047863
4.960000 1025873.841530
4.970000 1024814.529859
4.980000 1023757.110257
4.990000 1022701.580107
5.000000 1021647.936770
5.010000 1020596.177588
5.020000 1019546.299880
5.030000 1018498.300944
5.040000 1017452.178059
5.050000 1016407.928485
5.060000 1015365.549461
5.070000 1014325.038209
5.080000 1013286.391932
5.090000 1012249.607814
5.100000 1011214.683022
5.110000 1010181.614707
5.120000 1009150.400001
5.130000 1008121.036022
5.140000 1007093.519870
5.150000 1006067.848630
5.160000 1005044.019373
5.170000 1004022.029152
5.180000 1003001.875009
5.190000 1001983.553968
5.200000 1000967.063043
5.210000 999952.399232
5.220000 998939.559520
5.230000 997928.540880
5.240000 996919.340271
5.250000 995911.954642
5.260000 994906.380928
5.270000 993902.616053
5.280000 992900.656931
5.290000 991900.500462
5.300000 990902.143538
5.310000 989905.583041
5.320000 988910.815840
5.330000 987917.838797
5.340000 986926.648762
5.350000 985937.242579
5.360000 984949.617079
5.370000 983963.769087
5.380000 982979.695419
5.390000 981997.392882
5.400000 981016.858277
5.410000 980038.088395
5.420000 979061.080021
5.430000 978085.829932
5.440000 977112.334898
5.450000 976140.591683
5.460000 975170.597044
5.470000 974202.347733
5.480000 973235.840493
5.490000 972271.072065
5.500000 971308.039180
5.510000 970346.738569
5.520000 969387.166953
5.530000 968429.321050
5.540000 967473.197574
5.550000 966518.793233
5.560000 965566.104732
5.570000 964615.128771
5.580000 963665.862047
5.590000 962718.301251
5.600000 961772.443073
5.610000 960828.284198
5.620000 959885.821308
5.630000 958945.051084
5.640000 958005.970201
5.650000 957068.575334
5.660000 956132.863153
5.670000 955198.830327
5.680000 954266.473524
5.690000 953335.789408
5.700000 952406.774643
5.710000 951479.425888
5.720000 950553.739805
5.730000 949629.713052
5.740000 948707.342285
5.750000 947786.624162
5.760000 946867.555336
5.770000 945950.132462
5.780000 945034.352194
5.790000 944120.211186
5.800000 943207.706089
5.810000 942296.833557
5.820000 941387.590242
5.830000 940479.972796
5.840000 939573.977872
5.850000 938669.602123
5.860000 937766.842202
5.870000 936865.694764
5.880000 935966.156461
5.890000 935068.223950
5.900000 934171.893887
5.910000 933277.162928
5.920000 932384.027732
5.930000 931492.484958
5.940000 930602.531266
5.950000 929714.163320
5.960000 928827.377781
5.970000 927942.171317
5.980000 927058.540592
5.990000 926176.482277
6.000000 925295.993041
6.010000 924417.069558
6.020000 923539.708502
6.030000 922663.906550
6.040000 921789.660381
6.050000 920916.966677
6.060000 920045.822123
6.070000 919176.223405
6.080000 918308.167211
6.090000 917441.650235
6.100000 916576.669170
6.110000 915713.220715
6.120000 914851.301571
6.130000 913990.908440
6.140000 913132.038030
6.150000 912274.687051
6.160000 911418.852216
6.170000 910564.530242
6.180000 909711.717848
6.190000 908860.411758
6.200000 908010.608699
6.210000 907162.305402
6.220000 906315.498600
6.230000 905470.185033
6.240000 904626.361441
6.250000 903784.024571
6.260000 902943.171171
6.270000 902103.797996
6.280000 901265.901804
6.290000 900429.479355
6.300000 899594.527415
6.310000 898761.042756
6.320000 897929.022150
6.330000 897098.462377
6.340000 896269.360220
6.350000 895441.712466
6.360000 894615.515906
6.370000 893790.767338
6.380000 892967.463562
6.390000 892145.601384
6.400000 891325.177614
6.410000 890506.189067
6.420000 889688.632562
6.430000 888872.504925
6.440000 888057.802983
6.450000 887244.523572
6.460000 886432.663530
6.470000 885622.219702
6.480000 884813.188936
6.490000 884005.568087
6.500000 883199.354013
6.510000 882394.543579
6.520000 881591.133653
6.530000 880789.121111
6.540000 879988.502833
6.550000 879189.275702
6.560000 878391.436609
6.570000 877594.982451
6.580000 876799.910126
6.590000 876006.216543
6.600000 875213.898612
6.610000 874422.953250
6.620000 873633.377379
6.630000 872845.167929
6.640000 872058.321831
6.650000 871272.836026
6.660000 870488.707457
6.670000 869705.933075
6.680000 868924.509835
6.690000 868144.434699
6.700000 867365.704634
6.710000 866588.316611
6.720000 865812.267611
6.730000 865037.554616
6.740000 864264.174616
6.750000 863492.124608
6.760000 862721.401592
6.770000 861952.002575
6.780000 861183.924571
6.790000 860417.164598
6.800000 859651.719681
6.810000 858887.586850
6.820000 858124.763141
6.830000 857363.245598
6.840000 856603.031267
6.850000 855844.117204
6.860000 855086.500468
6.870000 854330.178125
6.880000 853575.147247
6.890000 852821.404912
6.900000 852068.948205
6.910000 851317.774214
6.920000 850567.880036
6.930000 849819.262774
6.940000 849071.919534
6.950000 848325.847431
6.960000 847581.043586
6.970000 846837.505124
6.980000 846095.229178
6.990000 845354.212886
7.000000 844614.453393
7.010000 843875.947849
7.020000 843138.693411
7.030000 842402.687241
7.040000 841667.926510
7.050000 840934.408391
7.060000 840202.130067
7.070000 839471.088724
7.080000 838741.281556
7.090000 838012.705762
7.100000 837285.358549
7.110000 836559.237129
7.120000 835834.338719
7.130000 835110.660544
7.140000 834388.199835
7.150000 833666.953828
7.160000 832946.919766
7.170000 832228.094899
7.180000 831510.476481
7.190000 830794.061774
7.200000 830078.848045
7.210000 829364.832569
7.220000 828652.012625
7.230000 827940.385500
7.240000 827229.948487
7.250000 826520.698883
7.260000 825812.633993
7.270000 825105.751129
7.280000 824400.047608
7.290000 823695.520753
7.300000 822992.167894
7.310000 822289.986367
7.320000 821588.973513
7.330000 820889.126681
7.340000 820190.443225
7.350000 819492.920506
7.360000 818796.555890
7.370000 818101.346751
7.380000 817407.290468
7.390000 816714.384425
7.400000 816022.626014
7.410000 815332.012634
7.420000 814642.541687
7.430000 813954.210584
7.440000 813267.016741
7.450000 812580.957580
7.460000 811896.030530
7.470000 811212.233025
7.480000 810529.562506
7.490000 809848.016419
7.500000 809167.592219
7.510000 808488.287364
7.520000 807810.099318
7.530000 807133.025555
7.540000 806457.063551
7.550000 805782.210789
7.560000 805108.464760
7.570000 804435.822960
7.580000 803764.282889
7.590000 803093.842057
7.600000 802424.497977
7.610000 801756.248169
7.620000 801089.090161
7.630000 800423.021483
7.640000 799758.039674
7.650000 799094.142279
7.660000 798431.326847
7.670000 797769.590937
7.680000 797108.932109
7.690000 796449.347932
7.700000 795790.835981
7.710000 795133.393836
7.720000 794477.019084
7.730000 793821.709317
7.740000 793167.462134
7.750000 792514.275138
7.760000 791862.145941
7.770000 791211.072159
7.780000 790561.051413
7.790000 789912.081332
7.800000 789264.159551
7.810000 788617.283708
7.820000 787971.451451
7.830000 787326.660430
7.840000 786682.908304
7.850000 786040.192736
7.860000 785398.511395
7.870000 784757.861958
7.880000 784118.242104
7.890000 783479.649522
7.900000 782842.081903
7.910000 782205.536947
7.920000 781570.012358
7.930000 780935.505846
7.940000 780302.015127
7.950000 779669.537924
7.960000 779038.071963
7.970000 778407.614979
7.980000 777778.164710
7.990000 777149.718901
8.000000 776522.275303
8.010000 775895.831673
8.020000 775270.385771
8.030000 774645.935366
8.040000 774022.478232
8.050000 773400.012147
8.060000 772778.534897
8.070000 772158.044271
8.080000 771538.538066
8.090000 770920.014083
8.100000 770302.470131
8.110000 769685.904021
8.120000 769070.313572
8.130000 768455.696609
8.140000 767842.050961
8.150000 767229.374464
8.160000 766617.664958
8.170000 766006.920291
8.180000 765397.138312
8.190000 764788.316882
8.200000 764180.453861
8.210000 763573.547119
8.220000 762967.594530
8.230000 762362.593973
8.240000 761758.543333
8.250000 761155.440501
8.260000 760553.283372
8.270000 759952.069847
8.280000 759351.797834
8.290000 758752.465244
8.300000 758154.069995
8.310000 757556.610010
8.320000 756960.083217
8.330000 756364.487549
8.340000 755769.820946
8.350000 755176.081352
8.360000 754583.266716
8.370000 753991.374994
8.380000 753400.404146
8.390000 752810.352136
8.400000 752221.216937
8.410000 751632.996524
8.420000 751045.688879
8.430000 750459.291988
8.440000 749873.803843
8.450000 749289.222440
8.460000 748705.545783
8.470000 748122.771879
8.480000 747540.898741
8.490000 746959.924385
8.500000 746379.846836
8.510000 745800.664121
8.520000 745222.374273
8.530000 744644.975332
8.540000 744068.465339
8.550000 743492.842345
8.560000 742918.104403
8.570000 742344.249571
8.580000 741771.275913
8.590000 741199.181499
8.600000 740627.964402
8.610000 740057.622700
8.620000 739488.154479
8.630000 738919.557827
8.640000 738351.830837
8.650000 737784.971609
8.660000 737218.978247
8.670000 736653.848860
8.680000 736089.581561
8.690000 735526.174469
8.700000 734963.625707
8.710000 734401.933405
8.720000 733841.095696
8.730000 733281.110717
8.740000 732721.976613
8.750000 732163.691531
8.760000 731606.253624
8.770000 731049.661050
8.780000 730493.911971
8.790000 729939.004555
8.800000 729384.936973
8.810000 728831.707404
8.820000 728279.314028
8.830000 727727.755032
8.840000 727177.028607
8.850000 726627.132949
8.860000 726078.066260
8.870000 725529.826743
8.880000 724982.412609
8.890000 724435.822073
8.900000 723890.053355
8.910000 723345.104679
8.920000 722800.974272
8.930000 722257.660369
8.940000 721715.161208
8.950000 721173.475032
8.960000 720632.600086
8.970000 720092.534625
8.980000 719553.276903
8.990000 719014.825181
9.000000 718477.177726
9.010000 717940.332808
9.020000 717404.288700
9.030000 716869.043682
9.040000 716334.596038
9.050000 715800.944056
9.060000 715268.086028
9.070000 714736.020252
9.080000 714204.745029
9.090000 713674.258664
9.100000 713144.559470
9.110000 712615.645759
9.120000 712087.515852
9.130000 711560.168072
9.140000 711033.600747
9.150000 710507.812210
9.160000 709982.800797
9.170000 709458.564850
9.180000 708935.102714
9.190000 708412.412739
9.200000 707890.493278
9.210000 707369.342691
9.220000 706848.959340
9.230000 706329.341592
9.240000 705810.487819
9.250000 705292.396395
9.260000 704775.065702
9.270000 704258.494122
9.280000 703742.680044
9.290000 703227.621860
9.300000 702713.317968
9.310000 702199.766767
9.320000 701686.966664
9.330000 701174.916067
9.340000 700663.613389
9.350000 700153.057049
9.360000 699643.245467
9.370000 699134.177070
9.380000 698625.850287
9.390000 698118.263553
9.400000 697611.415305
9.410000 697105.303985
9.420000 696599.928041
9.430000 696095.285921
9.440000 695591.376081
9.450000 695088.196978
9.460000 694585.747076
9.470000 694084.024839
9.480000 693583.028740
9.490000 693082.757252
9.500000 692583.208853
9.510000 692084.382026
9.520000 691586.275256
9.530000 691088.887035
9.540000 690592.215857
9.550000 690096.260218
9.560000 689601.018622
9.570000 689106.489575
9.580000 688612.671585
9.590000 688119.563166
9.600000 687627.162837
9.610000 687135.469118
9.620000 686644.480534
9.630000 686154.195615
9.640000 685664.612894
9.650000 685175.730907
9.660000 684687.548194
9.670000 684200.063300
9.680000 683713.274773
9.690000 683227.181164
9.700000 682741.781030
9.710000 682257.072929
9.720000 681773.055425
9.730000 681289.727084
9.740000 680807.086478
9.750000 680325.132179
9.760000 679843.862766
9.770000 679363.276821
9.780000 678883.372929
9.790000 678404.149678
9.800000 677925.605662
9.810000 677447.739476
9.820000 676970.549721
9.830000 676494.035000
9.840000 676018.193919
9.850000 675543.025091
9.860000 675068.527128
9.870000 674594.698650
9.880000 674121.538276
9.890000 673649.044633
9.900000 673177.216349
9.910000 672706.052056
9.920000 672235.550390
9.930000 671765.709990
9.940000 671296.529497
9.950000 670828.007560
9.960000 670360.142827
9.970000 669892.933951
9.980000 669426.379590
9.990000 668960.478402
10.000000 668495.229053
