0.000000 73.800000
0.010000 74.134673
0.020000 74.474490
0.030000 74.819447
0.040000 75.169537
0.050000 75.524754
0.060000 75.885092
0.070000 76.250541
0.080000 76.621092
0.090000 76.996736
0.100000 77.377461
0.110000 77.763256
0.120000 78.154109
0.130000 78.550007
0.140000 78.950935
0.150000 79.356880
0.160000 79.767825
0.170000 80.183756
0.180000 80.604656
0.190000 81.030508
0.200000 81.461294
0.210000 81.896998
0.220000 82.337599
0.230000 82.783079
0.240000 83.233419
0.250000 83.688598
0.260000 84.148597
0.270000 84.613395
0.280000 85.082970
0.290000 85.557302
0.300000 86.036368
0.310000 86.520147
0.320000 87.008616
0.330000 87.501754
0.340000 87.999536
0.350000 88.501940
0.360000 89.008944
0.370000 89.520523
0.380000 90.036653
0.390000 90.557312
0.400000 91.082476
0.410000 91.612120
0.420000 92.146220
0.430000 92.684753
0.440000 93.227693
0.450000 93.775018
0.460000 94.326701
0.470000 94.882720
0.480000 95.443049
0.490000 96.007665
0.500000 96.576542
0.510000 97.149657
0.520000 97.726984
0.530000 98.308501
0.540000 98.894181
0.550000 99.484001
0.560000 100.077938
0.570000 100.675965
0.580000 101.278061
0.590000 101.884200
0.600000 102.494358
0.610000 103.108513
0.620000 103.726639
0.630000 104.348714
0.640000 104.974714
0.650000 105.604615
0.660000 106.238395
0.670000 106.876030
0.680000 107.517497
0.690000 108.162774
0.700000 108.811837
0.710000 109.464664
0.720000 110.121233
0.730000 110.781521
0.740000 111.445507
0.750000 112.113167
0.760000 112.784481
0.770000 113.459427
0.780000 114.137983
0.790000 114.820129
0.800000 115.505842
0.810000 116.195101
0.820000 116.887887
0.830000 117.584178
0.840000 118.283955
0.850000 118.987196
0.860000 119.693881
0.870000 120.403991
0.880000 121.117506
0.890000 121.834406
0.900000 122.554672
0.910000 123.278284
0.920000 124.005224
0.930000 124.735473
0.940000 125.469012
0.950000 126.205822
0.960000 126.945885
0.970000 127.689184
0.980000 128.435699
0.990000 129.185413
1.000000 129.938308
1.010000 130.694368
1.020000 131.453574
1.030000 132.215910
1.040000 132.981358
1.050000 133.749903
1.060000 134.521526
1.070000 135.296212
1.080000 136.073944
1.090000 136.854707
1.100000 137.638484
1.110000 138.425259
1.120000 139.215018
1.130000 140.007744
1.140000 140.803422
1.150000 141.602037
1.160000 142.403574
1.170000 143.208019
1.180000 144.015355
1.190000 144.825570
1.200000 145.638648
1.210000 146.454576
1.220000 147.273339
1.230000 148.094924
1.240000 148.919316
1.250000 149.746501
1.260000 150.576468
1.270000 151.409201
1.280000 152.244689
1.290000 153.082917
1.300000 153.923873
1.310000 154.767544
1.320000 155.613918
1.330000 156.462981
1.340000 157.314722
1.350000 158.169129
1.360000 159.026188
1.370000 159.885889
1.380000 160.748218
1.390000 161.613166
1.400000 162.480719
1.410000 163.350866
1.420000 164.223597
1.430000 165.098899
1.440000 165.976761
1.450000 166.857173
1.460000 167.740124
1.470000 168.625602
1.480000 169.513597
1.490000 170.404099
1.500000 171.297097
1.510000 172.192581
1.520000 173.090540
1.530000 173.990964
1.540000 174.893843
1.550000 175.799167
1.560000 176.706927
1.570000 177.617113
1.580000 178.529714
1.590000 179.444722
1.600000 180.362127
1.610000 181.281920
1.620000 182.204090
1.630000 183.128631
1.640000 184.055531
1.650000 184.984783
1.660000 185.916376
1.670000 186.850304
1.680000 187.786556
1.690000 188.725124
1.700000 189.666000
1.710000 190.609175
1.720000 191.554641
1.730000 192.502389
1.740000 193.452412
1.750000 194.404700
1.760000 195.359247
1.770000 196.316044
1.780000 197.275084
1.790000 198.236357
1.800000 199.199858
1.810000 200.165577
1.820000 201.133508
1.830000 202.103643
1.840000 203.075974
1.850000 204.050494
1.860000 205.027196
1.870000 206.006073
1.880000 206.987117
1.890000 207.970321
1.900000 208.955678
1.910000 209.943182
1.920000 210.932825
1.930000 211.924601
1.940000 212.918502
1.950000 213.914523
1.960000 214.912655
1.970000 215.912894
1.980000 216.915232
1.990000 217.919662
2.000000 218.926179
2.010000 219.934776
2.020000 220.945447
2.030000 221.958185
2.040000 222.972984
2.050000 223.989839
2.060000 225.008742
2.070000 226.029689
2.080000 227.052673
2.090000 228.077688
2.100000 229.104728
2.110000 230.133787
2.120000 231.164860
2.130000 232.197942
2.140000 233.233025
2.150000 234.270106
2.160000 235.309177
2.170000 236.350234
2.180000 237.393271
2.190000 238.438283
2.200000 239.485264
2.210000 240.534209
2.220000 241.585113
2.230000 242.637971
2.240000 243.692776
2.250000 244.749525
2.260000 245.808212
2.270000 246.868831
2.280000 247.931378
2.290000 248.995849
2.300000 250.062237
2.310000 251.130538
2.320000 252.200747
2.330000 253.272860
2.340000 254.346871
2.350000 255.422776
2.360000 256.500569
2.370000 257.580247
2.380000 258.661805
2.390000 259.745238
2.400000 260.830541
2.410000 261.917711
2.420000 263.006742
2.430000 264.097629
2.440000 265.190370
2.450000 266.284958
2.460000 267.381390
2.470000 268.479662
2.480000 269.579769
2.490000 270.681707
2.500000 271.785471
2.510000 272.891058
2.520000 273.998464
2.530000 275.107683
2.540000 276.218713
2.550000 277.331548
2.560000 278.446185
2.570000 279.562621
2.580000 280.680850
2.590000 281.800869
2.600000 282.922674
2.610000 284.046261
2.620000 285.171627
2.630000 286.298766
2.640000 287.427677
2.650000 288.558354
2.660000 289.690794
2.670000 290.824993
2.680000 291.960948
2.690000 293.098655
2.700000 294.238110
2.710000 295.379310
2.720000 296.522251
2.730000 297.666928
2.740000 298.813340
2.750000 299.961482
2.760000 301.111351
2.770000 302.262943
2.780000 303.416255
2.790000 304.571283
2.800000 305.728024
2.810000 306.886475
2.820000 308.046632
2.830000 309.208491
2.840000 310.372050
2.850000 311.537306
2.860000 312.704254
2.870000 313.872891
2.880000 315.043216
2.890000 316.215223
2.900000 317.388910
2.910000 318.564274
2.920000 319.741312
2.930000 320.920020
2.940000 322.100395
2.950000 323.282435
2.960000 324.466136
2.970000 325.651495
2.980000 326.838509
2.990000 328.027175
3.000000 329.217490
3.010000 330.409452
3.020000 331.603056
3.030000 332.798300
3.040000 333.995182
3.050000 335.193698
3.060000 336.393845
3.070000 337.595621
3.080000 338.799022
3.090000 340.004046
3.100000 341.210691
3.110000 342.418952
3.120000 343.628828
3.130000 344.840315
3.140000 346.053411
3.150000 347.268113
3.160000 348.484419
3.170000 349.702325
3.180000 350.921829
3.190000 352.142929
3.200000 353.365621
3.210000 354.589903
3.220000 355.815772
3.230000 357.043226
3.240000 358.272262
3.250000 359.502878
3.260000 360.735070
3.270000 361.968837
3.280000 363.204176
3.290000 364.441084
3.300000 365.679559
3.310000 366.919597
3.320000 368.161198
3.330000 369.404358
3.340000 370.649075
3.350000 371.895346
3.360000 373.143169
3.370000 374.392542
3.380000 375.643461
3.390000 376.895926
3.400000 378.149933
3.410000 379.405479
3.420000 380.662563
3.430000 381.921183
3.440000 383.181335
3.450000 384.443018
3.460000 385.706229
3.470000 386.970966
3.480000 388.237227
3.490000 389.505009
3.500000 390.774310
3.510000 392.045128
3.520000 393.317461
3.530000 394.591306
3.540000 395.866662
3.550000 397.143525
3.560000 398.421894
3.570000 399.701767
3.580000 400.983141
3.590000 402.266014
3.600000 403.550385
3.610000 404.836250
3.620000 406.123609
3.630000 407.412458
3.640000 408.702796
3.650000 409.994620
3.660000 411.287928
3.670000 412.582719
3.680000 413.878991
3.690000 415.176740
3.700000 416.475966
3.710000 417.776666
3.720000 419.078837
3.730000 420.382479
3.740000 421.687589
3.750000 422.994166
3.760000 424.302206
3.770000 425.611708
3.780000 426.922670
3.790000 428.235091
3.800000 429.548968
3.810000 430.864299
3.820000 432.181082
3.830000 433.499316
3.840000 434.818998
3.850000 436.140127
3.860000 437.462701
3.870000 438.786717
3.880000 440.112174
3.890000 441.439070
3.900000 442.767404
3.910000 444.097172
3.920000 445.428375
3.930000 446.761008
3.940000 448.095072
3.950000 449.430563
3.960000 450.767481
3.970000 452.105823
3.980000 453.445587
3.990000 454.786772
4.000000 456.129376
4.010000 457.473398
4.020000 458.818834
4.030000 460.165685
4.040000 461.513947
4.050000 462.863619
4.060000 464.214700
4.070000 465.567187
4.080000 466.921079
4.090000 468.276374
4.100000 469.633071
4.110000 470.991168
4.120000 472.350663
4.130000 473.711554
4.140000 475.073840
4.150000 476.437519
4.160000 477.802589
4.170000 479.169050
4.180000 480.536898
4.190000 481.906132
4.200000 483.276752
4.210000 484.648754
4.220000 486.022138
4.230000 487.396902
4.240000 488.773044
4.250000 490.150563
4.260000 491.529457
4.270000 492.909724
4.280000 494.291364
4.290000 495.674373
4.300000 497.058751
4.310000 498.444497
4.320000 499.831608
4.330000 501.220083
4.340000 502.609920
4.350000 504.001119
4.360000 505.393677
4.370000 506.787593
4.380000 508.182865
4.390000 509.579491
4.400000 510.977472
4.410000 512.376804
4.420000 513.777486
4.430000 515.179517
4.440000 516.582895
4.450000 517.987619
4.460000 519.393687
4.470000 520.801099
4.480000 522.209851
4.490000 523.619944
4.500000 525.031375
4.510000 526.444143
4.520000 527.858246
4.530000 529.273684
4.540000 530.690454
4.550000 532.108556
4.560000 533.527987
4.570000 534.948746
4.580000 536.370833
4.590000 537.794245
4.600000 539.218982
4.610000 540.645041
4.620000 542.072421
4.630000 543.501121
4.640000 544.931140
4.650000 546.362476
4.660000 547.795128
4.670000 549.229095
4.680000 550.664374
4.690000 552.100965
4.700000 553.538867
4.710000 554.978077
4.720000 556.418595
4.730000 557.860420
4.740000 559.303549
4.750000 560.747982
4.760000 562.193717
4.770000 563.640754
4.780000 565.089090
4.790000 566.538724
4.800000 567.989655
4.810000 569.441882
4.820000 570.895404
4.830000 572.350218
4.840000 573.806325
4.850000 575.263722
4.860000 576.722408
4.870000 578.182382
4.880000 579.643643
4.890000 581.106189
4.900000 582.570020
4.910000 584.035133
4.920000 585.501529
4.930000 586.969204
4.940000 588.438159
4.950000 589.908391
4.960000 591.379900
4.970000 592.852685
4.980000 594.326744
4.990000 595.802075
5.000000 597.278679
5.010000 598.756553
5.020000 600.235696
5.030000 601.716107
5.040000 603.197785
5.050000 604.680729
5.060000 606.164937
5.070000 607.650409
5.080000 609.137142
5.090000 610.625137
5.100000 612.114391
5.110000 613.604903
5.120000 615.096673
5.130000 616.589699
5.140000 618.083980
5.150000 619.579515
5.160000 621.076302
5.170000 622.574341
5.180000 624.073631
5.190000 625.574169
5.200000 627.075955
5.210000 628.578989
5.220000 630.083268
5.230000 631.588791
5.240000 633.095558
5.250000 634.603567
5.260000 636.112818
5.270000 637.623308
5.280000 639.135038
5.290000 640.648005
5.300000 642.162209
5.310000 643.677649
5.320000 645.194323
5.330000 646.712230
5.340000 648.231370
5.350000 649.751741
5.360000 651.273342
5.370000 652.796171
5.380000 654.320229
5.390000 655.845514
5.400000 657.372024
5.410000 658.899759
5.420000 660.428718
5.430000 661.958899
5.440000 663.490301
5.450000 665.022924
5.460000 666.556766
5.470000 668.091826
5.480000 669.628104
5.490000 671.165597
5.500000 672.704306
5.510000 674.244229
5.520000 675.785364
5.530000 677.327712
5.540000 678.871271
5.550000 680.416039
5.560000 681.962016
5.570000 683.509201
5.580000 685.057593
5.590000 686.607190
5.600000 688.157992
5.610000 689.709998
5.620000 691.263207
5.630000 692.817617
5.640000 694.373228
5.650000 695.930038
5.660000 697.488047
5.670000 699.047254
5.680000 700.607657
5.690000 702.169256
5.700000 703.732050
5.710000 705.296037
5.720000 706.861217
5.730000 708.427589
5.740000 709.995151
5.750000 711.563903
5.760000 713.133844
5.770000 714.704973
5.780000 716.277288
5.790000 717.850789
5.800000 719.425475
5.810000 721.001345
5.820000 722.578398
5.830000 724.156633
5.840000 725.736049
5.850000 727.316645
5.860000 728.898420
5.870000 730.481373
5.880000 732.065503
5.890000 733.650810
5.900000 735.237292
5.910000 736.824948
5.920000 738.413778
5.930000 740.003780
5.940000 741.594954
5.950000 743.187299
5.960000 744.780813
5.970000 746.375496
5.980000 747.971347
5.990000 749.568365
6.000000 751.166549
6.010000 752.765898
6.020000 754.366411
6.030000 755.968088
6.040000 757.570927
6.050000 759.174927
6.060000 760.780088
6.070000 762.386409
6.080000 763.993888
6.090000 765.602526
6.100000 767.212320
6.110000 768.823271
6.120000 770.435376
6.130000 772.048636
6.140000 773.663050
6.150000 775.278616
6.160000 776.895333
6.170000 778.513202
6.180000 780.132220
6.190000 781.752388
6.200000 783.373703
6.210000 784.996166
6.220000 786.619776
6.230000 788.244531
6.240000 789.870430
6.250000 791.497474
6.260000 793.125660
6.270000 794.754989
6.280000 796.385459
6.290000 798.017069
6.300000 799.649819
6.310000 801.283707
6.320000 802.918734
6.330000 804.554897
6.340000 806.192197
6.350000 807.830632
6.360000 809.470202
6.370000 811.110905
6.380000 812.752741
6.390000 814.395709
6.400000 816.039808
6.410000 817.685038
6.420000 819.331397
6.430000 820.978885
6.440000 822.627500
6.450000 824.277243
6.460000 825.928112
6.470000 827.580107
6.480000 829.233226
6.490000 830.887468
6.500000 832.542834
6.510000 834.199322
6.520000 835.856931
6.530000 837.515661
6.540000 839.175511
6.550000 840.836479
6.560000 842.498566
6.570000 844.161770
6.580000 845.826090
6.590000 847.491527
6.600000 849.158078
6.610000 850.825744
6.620000 852.494523
6.630000 854.164414
6.640000 855.835417
6.650000 857.507532
6.660000 859.180756
6.670000 860.855090
6.680000 862.530533
6.690000 864.207084
6.700000 865.884742
6.710000 867.563506
6.720000 869.243376
6.730000 870.924350
6.740000 872.606429
6.750000 874.289611
6.760000 875.973895
6.770000 877.659282
6.780000 879.345769
6.790000 881.033357
6.800000 882.722044
6.810000 884.411830
6.820000 886.102713
6.830000 887.794694
6.840000 889.487772
6.850000 891.181945
6.860000 892.877213
6.870000 894.573576
6.880000 896.271032
6.890000 897.969580
6.900000 899.669221
6.910000 901.369953
6.920000 903.071776
6.930000 904.774688
6.940000 906.478689
6.950000 908.183779
6.960000 909.889956
6.970000 911.597221
6.980000 913.305571
6.990000 915.015007
7.000000 916.725527
7.010000 918.437131
7.020000 920.149819
7.030000 921.863589
7.040000 923.578441
7.050000 925.294374
7.060000 927.011388
7.070000 928.729481
7.080000 930.448653
7.090000 932.168903
7.100000 933.890231
7.110000 935.612636
7.120000 937.336117
7.130000 939.060673
7.140000 940.786304
7.150000 942.513009
7.160000 944.240787
7.170000 945.969638
7.180000 947.699560
7.190000 949.430554
7.200000 951.162619
7.210000 952.895753
7.220000 954.629956
7.230000 956.365228
7.240000 958.101567
7.250000 959.838974
7.260000 961.577447
7.270000 963.316986
7.280000 965.057589
7.290000 966.799257
7.300000 968.541989
7.310000 970.285784
7.320000 972.030640
7.330000 973.776559
7.340000 975.523538
7.350000 977.271578
7.360000 979.020677
7.370000 980.770836
7.380000 982.522052
7.390000 984.274326
7.400000 986.027657
7.410000 987.782044
7.420000 989.537487
7.430000 991.293984
7.440000 993.051536
7.450000 994.810142
7.460000 996.569800
7.470000 998.330511
7.480000 1000.092273
7.490000 1001.855087
7.500000 1003.618950
7.510000 1005.383864
7.520000 1007.149826
7.530000 1008.916837
7.540000 1010.684895
7.550000 1012.454000
7.560000 1014.224152
7.570000 1015.995350
7.580000 1017.767593
7.590000 1019.540880
7.600000 1021.315211
7.610000 1023.090585
7.620000 1024.867002
7.630000 1026.644461
7.640000 1028.422961
7.650000 1030.202502
7.660000 1031.983083
7.670000 1033.764703
7.680000 1035.547362
7.690000 1037.331059
7.700000 1039.115793
7.710000 1040.901565
7.720000 1042.688372
7.730000 1044.476216
7.740000 1046.265094
7.750000 1048.055007
7.760000 1049.845953
7.770000 1051.637933
7.780000 1053.430945
7.790000 1055.224989
7.800000 1057.020064
7.810000 1058.816170
7.820000 1060.613306
7.830000 1062.411471
7.840000 1064.210666
7.850000 1066.010888
7.860000 1067.812138
7.870000 1069.614415
7.880000 1071.417719
7.890000 1073.222048
7.900000 1075.027402
7.910000 1076.833781
7.920000 1078.641184
7.930000 1080.449611
7.940000 1082.259060
7.950000 1084.069531
7.960000 1085.881024
7.970000 1087.693538
7.980000 1089.507072
7.990000 1091.321626
8.000000 1093.137199
8.010000 1094.953791
8.020000 1096.771401
8.030000 1098.590028
8.040000 1100.409672
8.050000 1102.230332
8.060000 1104.052008
8.070000 1105.874699
8.080000 1107.698404
8.090000 1109.523123
8.100000 1111.348856
8.110000 1113.175601
8.120000 1115.003358
8.130000 1116.832127
8.140000 1118.661907
8.150000 1120.492698
8.160000 1122.324498
8.170000 1124.157307
8.180000 1125.991125
8.190000 1127.825952
8.200000 1129.661785
8.210000 1131.498626
8.220000 1133.336473
8.230000 1135.175326
8.240000 1137.015184
8.250000 1138.856047
8.260000 1140.697914
8.270000 1142.540784
8.280000 1144.384658
8.290000 1146.229533
8.300000 1148.075411
8.310000 1149.922290
8.320000 1151.770170
8.330000 1153.619050
8.340000 1155.468929
8.350000 1157.319808
8.360000 1159.171685
8.370000 1161.024560
8.380000 1162.878432
8.390000 1164.733301
8.400000 1166.589167
8.410000 1168.446028
8.420000 1170.303884
8.430000 1172.162735
8.440000 1174.022581
8.450000 1175.883419
8.460000 1177.745251
8.470000 1179.608075
8.480000 1181.471891
8.490000 1183.336698
8.500000 1185.202496
8.510000 1187.069284
8.520000 1188.937062
8.530000 1190.805830
8.540000 1192.675585
8.550000 1194.546329
8.560000 1196.418061
8.570000 1198.290779
8.580000 1200.164484
8.590000 1202.039175
8.600000 1203.914852
8.610000 1205.791513
8.620000 1207.669158
8.630000 1209.547788
8.640000 1211.427401
8.650000 1213.307996
8.660000 1215.189574
8.670000 1217.072133
8.680000 1218.955674
8.690000 1220.840195
8.700000 1222.725696
8.710000 1224.612177
8.720000 1226.499637
8.730000 1228.388076
8.740000 1230.277492
8.750000 1232.167886
8.760000 1234.059257
8.770000 1235.951605
8.780000 1237.844929
8.790000 1239.739227
8.800000 1241.634501
8.810000 1243.530750
8.820000 1245.427972
8.830000 1247.326167
8.840000 1249.225336
8.850000 1251.125476
8.860000 1253.026589
8.870000 1254.928673
8.880000 1256.831727
8.890000 1258.735752
8.900000 1260.640747
8.910000 1262.546711
8.920000 1264.453644
8.930000 1266.361545
8.940000 1268.270414
8.950000 1270.180250
8.960000 1272.091053
8.970000 1274.002823
8.980000 1275.915558
8.990000 1277.829258
9.000000 1279.743923
9.010000 1281.659552
9.020000 1283.576145
9.030000 1285.493701
9.040000 1287.412220
9.050000 1289.331702
9.060000 1291.252145
9.070000 1293.173549
9.080000 1295.095914
9.090000 1297.019240
9.100000 1298.943525
9.110000 1300.868770
9.120000 1302.794973
9.130000 1304.722135
9.140000 1306.650254
9.150000 1308.579331
9.160000 1310.509365
9.170000 1312.440355
9.180000 1314.372302
9.190000 1316.305203
9.200000 1318.239059
9.210000 1320.173870
9.220000 1322.109635
9.230000 1324.046353
9.240000 1325.984025
9.250000 1327.922649
9.260000 1329.862224
9.270000 1331.802752
9.280000 1333.744230
9.290000 1335.686660
9.300000 1337.630039
9.310000 1339.574368
9.320000 1341.519646
9.330000 1343.465872
9.340000 1345.413047
9.350000 1347.361170
9.360000 1349.310240
9.370000 1351.260257
9.380000 1353.211220
9.390000 1355.163129
9.400000 1357.115984
9.410000 1359.069783
9.420000 1361.024527
9.430000 1362.980215
9.440000 1364.936846
9.450000 1366.894421
9.460000 1368.852938
9.470000 1370.812397
9.480000 1372.772798
9.490000 1374.734140
9.500000 1376.696422
9.510000 1378.659645
9.520000 1380.623808
9.530000 1382.588911
9.540000 1384.554952
9.550000 1386.521931
9.560000 1388.489849
9.570000 1390.458704
9.580000 1392.428496
9.590000 1394.399225
9.600000 1396.370890
9.610000 1398.343491
9.620000 1400.317027
9.630000 1402.291498
9.640000 1404.266903
9.650000 1406.243242
9.660000 1408.220514
9.670000 1410.198720
9.680000 1412.177857
9.690000 1414.157928
9.700000 1416.138929
9.710000 1418.120862
9.720000 1420.103726
9.730000 1422.087520
9.740000 1424.072244
9.750000 1426.057897
9.760000 1428.044479
9.770000 1430.031990
9.780000 1432.020429
9.790000 1434.009795
9.800000 1436.000089
9.810000 1437.991309
9.820000 1439.983456
9.830000 1441.976529
9.840000 1443.970527
9.850000 1445.965450
9.860000 1447.961298
9.870000 1449.958069
9.880000 1451.955765
9.890000 1453.954384
9.900000 1455.953925
9.910000 1457.954389
9.920000 1459.955775
9.930000 1461.958082
9.940000 1463.961311
9.950000 1465.965460
9.960000 1467.970529
9.970000 1469.976518
9.980000 1471.983427
9.990000 1473.991254
10.000000 1476.000000
