0.000000 73.800000
0.010000 73.288233
0.020000 72.856791
0.030000 72.501808
0.040000 72.219671
0.050000 72.007021
0.060000 71.860716
0.070000 71.777805
0.080000 71.755481
0.090000 71.791058
0.100000 71.881935
0.110000 72.025585
0.120000 72.219535
0.130000 72.461365
0.140000 72.748703
0.150000 73.079230
0.160000 73.450683
0.170000 73.860860
0.180000 74.307632
0.190000 74.788944
0.200000 75.302826
0.210000 75.847396
0.220000 76.420865
0.230000 77.021537
0.240000 77.647817
0.250000 78.298205
0.260000 78.971301
0.270000 79.665798
0.280000 80.380484
0.290000 81.114237
0.300000 81.866023
0.310000 82.634890
0.320000 83.419966
0.330000 84.220456
0.340000 85.035634
0.350000 85.864840
0.360000 86.707481
0.370000 87.563018
0.380000 88.430971
0.390000 89.310909
0.400000 90.202453
0.410000 91.105264
0.420000 92.019049
0.430000 92.943553
0.440000 93.878557
0.450000 94.823879
0.460000 95.779366
0.470000 96.744898
0.480000 97.720382
0.490000 98.705752
0.500000 99.700969
0.510000 100.706014
0.520000 101.720895
0.530000 102.745639
0.540000 103.780293
0.550000 104.824925
0.560000 105.879619
0.570000 106.944478
0.580000 108.019622
0.590000 109.105185
0.600000 110.201317
0.610000 111.308182
0.620000 112.425957
0.630000 113.554832
0.640000 114.695010
0.650000 115.846702
0.660000 117.010133
0.670000 118.185535
0.680000 119.373149
0.690000 120.573224
0.700000 121.786017
0.710000 123.011789
0.720000 124.250808
0.730000 125.503343
0.740000 126.769670
0.750000 128.050063
0.760000 129.344798
0.770000 130.654151
0.780000 131.978396
0.790000 133.317802
0.800000 134.672635
0.810000 136.043156
0.820000 137.429618
0.830000 138.832263
0.840000 140.251327
0.850000 141.687030
0.860000 143.139584
0.870000 144.609180
0.880000 146.095999
0.890000 147.600201
0.900000 149.121927
0.910000 150.661298
0.920000 152.218413
0.930000 153.793349
0.940000 155.386156
0.950000 156.996860
0.960000 158.625457
0.970000 160.271919
0.980000 161.936185
0.990000 163.618166
1.000000 165.317739
1.010000 167.034752
1.020000 168.769018
1.030000 170.520318
1.040000 172.288400
1.050000 174.072976
1.060000 175.873725
1.070000 177.690291
1.080000 179.522285
1.090000 181.369281
1.100000 183.230822
1.110000 185.106417
1.120000 186.995542
1.130000 188.897639
1.140000 190.812121
1.150000 192.738370
1.160000 194.675738
1.170000 196.623548
1.180000 198.581098
1.190000 200.547658
1.200000 202.522476
1.210000 204.504775
1.220000 206.493759
1.230000 208.488610
1.240000 210.488495
1.250000 212.492564
1.260000 214.499951
1.270000 216.509782
1.280000 218.521168
1.290000 220.533216
1.300000 222.545024
1.310000 224.555686
1.320000 226.564296
1.330000 228.569944
1.340000 230.571724
1.350000 232.568734
1.360000 234.560076
1.370000 236.544860
1.380000 238.522207
1.390000 240.491248
1.400000 242.451125
1.410000 244.400999
1.420000 246.340044
1.430000 248.267453
1.440000 250.182440
1.450000 252.084237
1.460000 253.972103
1.470000 255.845316
1.480000 257.703184
1.490000 259.545036
1.500000 261.370234
1.510000 263.178164
1.520000 264.968245
1.530000 266.739922
1.540000 268.492676
1.550000 270.226015
1.560000 271.939484
1.570000 273.632657
1.580000 275.305142
1.590000 276.956584
1.600000 278.586657
1.610000 280.195073
1.620000 281.781575
1.630000 283.345944
1.640000 284.887991
1.650000 286.407564
1.660000 287.904545
1.670000 289.378847
1.680000 290.830420
1.690000 292.259243
1.700000 293.665330
1.710000 295.048727
1.720000 296.409510
1.730000 297.747787
1.740000 299.063694
1.750000 300.357400
1.760000 301.629098
1.770000 302.879013
1.780000 304.107395
1.790000 305.314520
1.800000 306.500688
1.810000 307.666226
1.820000 308.811482
1.830000 309.936828
1.840000 311.042654
1.850000 312.129374
1.860000 313.197418
1.870000 314.247236
1.880000 315.279295
1.890000 316.294076
1.900000 317.292076
1.910000 318.273806
1.920000 319.239789
1.930000 320.190561
1.940000 321.126665
1.950000 322.048657
1.960000 322.957100
1.970000 323.852563
1.980000 324.735623
1.990000 325.606861
2.000000 326.466864
2.010000 327.316219
2.020000 328.155518
2.030000 328.985352
2.040000 329.806315
2.050000 330.618999
2.060000 331.423994
2.070000 332.221887
2.080000 333.013265
2.090000 333.798709
2.100000 334.578795
2.110000 335.354093
2.120000 336.125170
2.130000 336.892583
2.140000 337.656883
2.150000 338.418613
2.160000 339.178307
2.170000 339.936490
2.180000 340.693677
2.190000 341.450374
2.200000 342.207076
2.210000 342.964266
2.220000 343.722416
2.230000 344.481987
2.240000 345.243429
2.250000 346.007177
2.260000 346.773656
2.270000 347.543277
2.280000 348.316437
2.290000 349.093523
2.300000 349.874907
2.310000 350.660947
2.320000 351.451988
2.330000 352.248363
2.340000 353.050391
2.350000 353.858376
2.360000 354.672610
2.370000 355.493372
2.380000 356.320926
2.390000 357.155526
2.400000 357.997409
2.410000 358.846801
2.420000 359.703917
2.430000 360.568957
2.440000 361.442108
2.450000 362.323547
2.460000 363.213439
2.470000 364.111934
2.480000 365.019174
2.490000 365.935289
2.500000 366.860396
2.510000 367.794603
2.520000 368.738007
2.530000 369.690696
2.540000 370.652745
2.550000 371.624223
2.560000 372.605187
2.570000 373.595686
2.580000 374.595761
2.590000 375.605442
2.600000 376.624753
2.610000 377.653711
2.620000 378.692322
2.630000 379.740589
2.640000 380.798505
2.650000 381.866056
2.660000 382.943225
2.670000 384.029986
2.680000 385.126308
2.690000 386.232155
2.700000 387.347484
2.710000 388.472251
2.720000 389.606403
2.730000 390.749884
2.740000 391.902636
2.750000 393.064595
2.760000 394.235692
2.770000 395.415858
2.780000 396.605020
2.790000 397.803099
2.800000 399.010016
2.810000 400.225691
2.820000 401.450037
2.830000 402.682970
2.840000 403.924401
2.850000 405.174239
2.860000 406.432394
2.870000 407.698772
2.880000 408.973279
2.890000 410.255821
2.900000 411.546301
2.910000 412.844622
2.920000 414.150688
2.930000 415.464400
2.940000 416.785661
2.950000 418.114371
2.960000 419.450433
2.970000 420.793748
2.980000 422.144218
2.990000 423.501744
3.000000 424.866229
3.010000 426.237576
3.020000 427.615687
3.030000 429.000466
3.040000 430.391817
3.050000 431.789645
3.060000 433.193855
3.070000 434.604355
3.080000 436.021051
3.090000 437.443852
3.100000 438.872666
3.110000 440.307404
3.120000 441.747977
3.130000 443.194298
3.140000 444.646279
3.150000 446.103835
3.160000 447.566882
3.170000 449.035336
3.180000 450.509116
3.190000 451.988141
3.200000 453.472331
3.210000 454.961608
3.220000 456.455895
3.230000 457.955116
3.240000 459.459197
3.250000 460.968064
3.260000 462.481646
3.270000 463.999872
3.280000 465.522673
3.290000 467.049979
3.300000 468.581726
3.310000 470.117846
3.320000 471.658276
3.330000 473.202952
3.340000 474.751814
3.350000 476.304799
3.360000 477.861849
3.370000 479.422906
3.380000 480.987913
3.390000 482.556814
3.400000 484.129554
3.410000 485.706081
3.420000 487.286341
3.430000 488.870284
3.440000 490.457859
3.450000 492.049018
3.460000 493.643713
3.470000 495.241897
3.480000 496.843525
3.490000 498.448551
3.500000 500.056933
3.510000 501.668627
3.520000 503.283592
3.530000 504.901788
3.540000 506.523173
3.550000 508.147711
3.560000 509.775362
3.570000 511.406090
3.580000 513.039859
3.590000 514.676633
3.600000 516.316378
3.610000 517.959061
3.620000 519.604649
3.630000 521.253110
3.640000 522.904412
3.650000 524.558525
3.660000 526.215421
3.670000 527.875069
3.680000 529.537441
3.690000 531.202510
3.700000 532.870250
3.710000 534.540633
3.720000 536.213636
3.730000 537.889231
3.740000 539.567396
3.750000 541.248107
3.760000 542.931340
3.770000 544.617074
3.780000 546.305286
3.790000 547.995955
3.800000 549.689060
3.810000 551.384581
3.820000 553.082498
3.830000 554.782791
3.840000 556.485443
3.850000 558.190434
3.860000 559.897748
3.870000 561.607365
3.880000 563.319271
3.890000 565.033447
3.900000 566.749878
3.910000 568.468548
3.920000 570.189442
3.930000 571.912545
3.940000 573.637842
3.950000 575.365320
3.960000 577.094964
3.970000 578.826760
3.980000 580.560697
3.990000 582.296760
4.000000 584.034938
4.010000 585.775218
4.020000 587.517588
4.030000 589.262038
4.040000 591.008555
4.050000 592.757128
4.060000 594.507747
4.070000 596.260401
4.080000 598.015081
4.090000 599.771776
4.100000 601.530476
4.110000 603.291171
4.120000 605.053854
4.130000 606.818514
4.140000 608.585143
4.150000 610.353732
4.160000 612.124273
4.170000 613.896758
4.180000 615.671178
4.190000 617.447525
4.200000 619.225793
4.210000 621.005974
4.220000 622.788060
4.230000 624.572045
4.240000 626.357920
4.250000 628.145681
4.260000 629.935319
4.270000 631.726829
4.280000 633.520204
4.290000 635.315438
4.300000 637.112524
4.310000 638.911458
4.320000 640.712233
4.330000 642.514844
4.340000 644.319284
4.350000 646.125549
4.360000 647.933633
4.370000 649.743532
4.380000 651.555239
4.390000 653.368751
4.400000 655.184062
4.410000 657.001167
4.420000 658.820062
4.430000 660.640742
4.440000 662.463203
4.450000 664.287440
4.460000 666.113450
4.470000 667.941227
4.480000 669.770768
4.490000 671.602068
4.500000 673.435124
4.510000 675.269932
4.520000 677.106488
4.530000 678.944788
4.540000 680.784829
4.550000 682.626607
4.560000 684.470118
4.570000 686.315359
4.580000 688.162326
4.590000 690.011017
4.600000 691.861427
4.610000 693.713554
4.620000 695.567394
4.630000 697.422945
4.640000 699.280203
4.650000 701.139165
4.660000 702.999828
4.670000 704.862190
4.680000 706.726246
4.690000 708.591996
4.700000 710.459435
4.710000 712.328561
4.720000 714.199371
4.730000 716.071863
4.740000 717.946034
4.750000 719.821881
4.760000 721.699402
4.770000 723.578594
4.780000 725.459456
4.790000 727.341983
4.800000 729.226175
4.810000 731.112028
4.820000 732.999541
4.830000 734.888710
4.840000 736.779535
4.850000 738.672011
4.860000 740.566138
4.870000 742.461913
4.880000 744.359333
4.890000 746.258398
4.900000 748.159103
4.910000 750.061449
4.920000 751.965431
4.930000 753.871049
4.940000 755.778301
4.950000 757.687183
4.960000 759.597696
4.970000 761.509835
4.980000 763.423600
4.990000 765.338988
5.000000 767.255999
5.010000 769.174628
5.020000 771.094876
5.030000 773.016740
5.040000 774.940218
5.050000 776.865309
5.060000 778.792010
5.070000 780.720321
5.080000 782.650238
5.090000 784.581761
5.100000 786.514888
5.110000 788.449616
5.120000 790.385945
5.130000 792.323873
5.140000 794.263397
5.150000 796.204517
5.160000 798.147230
5.170000 800.091536
5.180000 802.037432
5.190000 803.984917
5.200000 805.933989
5.210000 807.884647
5.220000 809.836889
5.230000 811.790713
5.240000 813.746119
5.250000 815.703104
5.260000 817.661668
5.270000 819.621807
5.280000 821.583522
5.290000 823.546810
5.300000 825.511671
5.310000 827.478102
5.320000 829.446102
5.330000 831.415669
5.340000 833.386803
5.350000 835.359502
5.360000 837.333764
5.370000 839.309588
5.380000 841.286973
5.390000 843.265917
5.400000 845.246419
5.410000 847.228477
5.420000 849.212090
5.430000 851.197256
5.440000 853.183975
5.450000 855.172246
5.460000 857.162065
5.470000 859.153433
5.480000 861.146348
5.490000 863.140808
5.500000 865.136813
5.510000 867.134361
5.520000 869.133450
5.530000 871.134080
5.540000 873.136249
5.550000 875.139956
5.560000 877.145199
5.570000 879.151978
5.580000 881.160290
5.590000 883.170135
5.600000 885.181512
5.610000 887.194419
5.620000 889.208855
5.630000 891.224818
5.640000 893.242309
5.650000 895.261324
5.660000 897.281863
5.670000 899.303925
5.680000 901.327509
5.690000 903.352613
5.700000 905.379236
5.710000 907.407378
5.720000 909.437036
5.730000 911.468209
5.740000 913.500897
5.750000 915.535098
5.760000 917.570812
5.770000 919.608036
5.780000 921.646769
5.790000 923.687011
5.800000 925.728761
5.810000 927.772017
5.820000 929.816777
5.830000 931.863042
5.840000 933.910809
5.850000 935.960078
5.860000 938.010847
5.870000 940.063116
5.880000 942.116883
5.890000 944.172146
5.900000 946.228906
5.910000 948.287160
5.920000 950.346908
5.930000 952.408149
5.940000 954.470881
5.950000 956.535104
5.960000 958.600815
5.970000 960.668015
5.980000 962.736702
5.990000 964.806874
6.000000 966.878532
6.010000 968.951673
6.020000 971.026297
6.030000 973.102403
6.040000 975.179988
6.050000 977.259054
6.060000 979.339598
6.070000 981.421619
6.080000 983.505116
6.090000 985.590088
6.100000 987.676534
6.110000 989.764454
6.120000 991.853845
6.130000 993.944707
6.140000 996.037039
6.150000 998.130840
6.160000 1000.226109
6.170000 1002.322844
6.180000 1004.421045
6.190000 1006.520711
6.200000 1008.621840
6.210000 1010.724432
6.220000 1012.828486
6.230000 1014.933999
6.240000 1017.040973
6.250000 1019.149405
6.260000 1021.259294
6.270000 1023.370640
6.280000 1025.483441
6.290000 1027.597697
6.300000 1029.713405
6.310000 1031.830567
6.320000 1033.949180
6.330000 1036.069243
6.340000 1038.190755
6.350000 1040.313716
6.360000 1042.438124
6.370000 1044.563979
6.380000 1046.691279
6.390000 1048.820024
6.400000 1050.950212
6.410000 1053.081842
6.420000 1055.214914
6.430000 1057.349427
6.440000 1059.485378
6.450000 1061.622769
6.460000 1063.761597
6.470000 1065.901862
6.480000 1068.043562
6.490000 1070.186697
6.500000 1072.331266
6.510000 1074.477267
6.520000 1076.624700
6.530000 1078.773564
6.540000 1080.923858
6.550000 1083.075581
6.560000 1085.228732
6.570000 1087.383309
6.580000 1089.539313
6.590000 1091.696742
6.600000 1093.855596
6.610000 1096.015872
6.620000 1098.177571
6.630000 1100.340691
6.640000 1102.505232
6.650000 1104.671192
6.660000 1106.838571
6.670000 1109.007367
6.680000 1111.177580
6.690000 1113.349209
6.700000 1115.522253
6.710000 1117.696710
6.720000 1119.872581
6.730000 1122.049864
6.740000 1124.228558
6.750000 1126.408663
6.760000 1128.590176
6.770000 1130.773099
6.780000 1132.957428
6.790000 1135.143165
6.800000 1137.330307
6.810000 1139.518854
6.820000 1141.708805
6.830000 1143.900159
6.840000 1146.092916
6.850000 1148.287073
6.860000 1150.482631
6.870000 1152.679589
6.880000 1154.877945
6.890000 1157.077698
6.900000 1159.278849
6.910000 1161.481395
6.920000 1163.685337
6.930000 1165.890673
6.940000 1168.097402
6.950000 1170.305523
6.960000 1172.515036
6.970000 1174.725940
6.980000 1176.938233
6.990000 1179.151916
7.000000 1181.366986
7.010000 1183.583444
7.020000 1185.801288
7.030000 1188.020517
7.040000 1190.241131
7.050000 1192.463129
7.060000 1194.686510
7.070000 1196.911273
7.080000 1199.137417
7.090000 1201.364941
7.100000 1203.593845
7.110000 1205.824127
7.120000 1208.055787
7.130000 1210.288824
7.140000 1212.523238
7.150000 1214.759026
7.160000 1216.996189
7.170000 1219.234725
7.180000 1221.474634
7.190000 1223.715915
7.200000 1225.958567
7.210000 1228.202590
7.220000 1230.447981
7.230000 1232.694741
7.240000 1234.942869
7.250000 1237.192364
7.260000 1239.443225
7.270000 1241.695451
7.280000 1243.949042
7.290000 1246.203996
7.300000 1248.460313
7.310000 1250.717992
7.320000 1252.977032
7.330000 1255.237432
7.340000 1257.499192
7.350000 1259.762311
7.360000 1262.026787
7.370000 1264.292621
7.380000 1266.559810
7.390000 1268.828356
7.400000 1271.098256
7.410000 1273.369510
7.420000 1275.642116
7.430000 1277.916076
7.440000 1280.191386
7.450000 1282.468047
7.460000 1284.746058
7.470000 1287.025419
7.480000 1289.306127
7.490000 1291.588183
7.500000 1293.871586
7.510000 1296.156334
7.520000 1298.442428
7.530000 1300.729866
7.540000 1303.018647
7.550000 1305.308772
7.560000 1307.600238
7.570000 1309.893045
7.580000 1312.187193
7.590000 1314.482681
7.600000 1316.779507
7.610000 1319.077671
7.620000 1321.377173
7.630000 1323.678011
7.640000 1325.980185
7.650000 1328.283694
7.660000 1330.588538
7.670000 1332.894714
7.680000 1335.202224
7.690000 1337.511065
7.700000 1339.821238
7.710000 1342.132741
7.720000 1344.445573
7.730000 1346.759735
7.740000 1349.075224
7.750000 1351.392041
7.760000 1353.710185
7.770000 1356.029654
7.780000 1358.350449
7.790000 1360.672568
7.800000 1362.996010
7.810000 1365.320776
7.820000 1367.646863
7.830000 1369.974272
7.840000 1372.303002
7.850000 1374.633051
7.860000 1376.964420
7.870000 1379.297106
7.880000 1381.631111
7.890000 1383.966432
7.900000 1386.303070
7.910000 1388.641023
7.920000 1390.980291
7.930000 1393.320873
7.940000 1395.662768
7.950000 1398.005975
7.960000 1400.350495
7.970000 1402.696325
7.980000 1405.043466
7.990000 1407.391916
8.000000 1409.741675
8.010000 1412.092742
8.020000 1414.445117
8.030000 1416.798798
8.040000 1419.153786
8.050000 1421.510079
8.060000 1423.867676
8.070000 1426.226577
8.080000 1428.586781
8.090000 1430.948288
8.100000 1433.311096
8.110000 1435.675205
8.120000 1438.040615
8.130000 1440.407324
8.140000 1442.775332
8.150000 1445.144638
8.160000 1447.515241
8.170000 1449.887141
8.180000 1452.260338
8.190000 1454.634829
8.200000 1457.010615
8.210000 1459.387696
8.220000 1461.766069
8.230000 1464.145735
8.240000 1466.526693
8.250000 1468.908941
8.260000 1471.292481
8.270000 1473.677310
8.280000 1476.063428
8.290000 1478.450834
8.300000 1480.839528
8.310000 1483.229510
8.320000 1485.620777
8.330000 1488.013330
8.340000 1490.407168
8.350000 1492.802290
8.360000 1495.198696
8.370000 1497.596384
8.380000 1499.995355
8.390000 1502.395608
8.400000 1504.797141
8.410000 1507.199954
8.420000 1509.604047
8.430000 1512.009419
8.440000 1514.416068
8.450000 1516.823996
8.460000 1519.233200
8.470000 1521.643680
8.480000 1524.055435
8.490000 1526.468466
8.500000 1528.882770
8.510000 1531.298348
8.520000 1533.715199
8.530000 1536.133321
8.540000 1538.552715
8.550000 1540.973380
8.560000 1543.395316
8.570000 1545.818520
8.580000 1548.242993
8.590000 1550.668735
8.600000 1553.095744
8.610000 1555.524020
8.620000 1557.953562
8.630000 1560.384369
8.640000 1562.816442
8.650000 1565.249778
8.660000 1567.684378
8.670000 1570.120241
8.680000 1572.557367
8.690000 1574.995754
8.700000 1577.435401
8.710000 1579.876310
8.720000 1582.318477
8.730000 1584.761904
8.740000 1587.206590
8.750000 1589.652533
8.760000 1592.099733
8.770000 1594.548189
8.780000 1596.997902
8.790000 1599.448869
8.800000 1601.901091
8.810000 1604.354567
8.820000 1606.809297
8.830000 1609.265279
8.840000 1611.722512
8.850000 1614.180998
8.860000 1616.640734
8.870000 1619.101720
8.880000 1621.563955
8.890000 1624.027440
8.900000 1626.492173
8.910000 1628.958153
8.920000 1631.425380
8.930000 1633.893854
8.940000 1636.363573
8.950000 1638.834537
8.960000 1641.306746
8.970000 1643.780199
8.980000 1646.254895
8.990000 1648.730834
9.000000 1651.208014
9.010000 1653.686436
9.020000 1656.166099
9.030000 1658.647002
9.040000 1661.129144
9.050000 1663.612525
9.060000 1666.097145
9.070000 1668.583002
9.080000 1671.070097
9.090000 1673.558427
9.100000 1676.047994
9.110000 1678.538796
9.120000 1681.030833
9.130000 1683.524103
9.140000 1686.018607
9.150000 1688.514344
9.160000 1691.011313
9.170000 1693.509514
9.180000 1696.008946
9.190000 1698.509608
9.200000 1701.011500
9.210000 1703.514621
9.220000 1706.018971
9.230000 1708.524549
9.240000 1711.031354
9.250000 1713.539386
9.260000 1716.048645
9.270000 1718.559129
9.280000 1721.070838
9.290000 1723.583771
9.300000 1726.097929
9.310000 1728.613309
9.320000 1731.129913
9.330000 1733.647738
9.340000 1736.166785
9.350000 1738.687053
9.360000 1741.208541
9.370000 1743.731249
9.380000 1746.255176
9.390000 1748.780322
9.400000 1751.306685
9.410000 1753.834266
9.420000 1756.363064
9.430000 1758.893079
9.440000 1761.424308
9.450000 1763.956753
9.460000 1766.490413
9.470000 1769.025286
9.480000 1771.561373
9.490000 1774.098672
9.500000 1776.637184
9.510000 1779.176908
9.520000 1781.717842
9.530000 1784.259987
9.540000 1786.803342
9.550000 1789.347906
9.560000 1791.893679
9.570000 1794.440660
9.580000 1796.988849
9.590000 1799.538245
9.600000 1802.088848
9.610000 1804.640656
9.620000 1807.193670
9.630000 1809.747888
9.640000 1812.303311
9.650000 1814.859938
9.660000 1817.417767
9.670000 1819.976800
9.680000 1822.537034
9.690000 1825.098470
9.700000 1827.661106
9.710000 1830.224943
9.720000 1832.789980
9.730000 1835.356216
9.740000 1837.923650
9.750000 1840.492283
9.760000 1843.062113
9.770000 1845.633141
9.780000 1848.205364
9.790000 1850.778784
9.800000 1853.353399
9.810000 1855.929209
9.820000 1858.506213
9.830000 1861.084410
9.840000 1863.663801
9.850000 1866.244385
9.860000 1868.826160
9.870000 1871.409127
9.880000 1873.993285
9.890000 1876.578634
9.900000 1879.165172
9.910000 1881.752900
9.920000 1884.341816
9.930000 1886.931921
9.940000 1889.523213
9.950000 1892.115693
9.960000 1894.709359
9.970000 1897.304212
9.980000 1899.900250
9.990000 1902.497473
10.000000 1905.095880
