0.000000 0.000000
0.010000 40964.334726
0.020000 82552.079558
0.030000 124756.573836
0.040000 167571.170861
0.050000 210989.240541
0.060000 255004.171973
0.070000 299609.375947
0.080000 344798.287366
0.090000 390564.367601
0.100000 436901.106753
0.110000 483802.025846
0.120000 531260.678928
0.130000 579270.655098
0.140000 627825.580446
0.150000 676919.119909
0.160000 726544.979052
0.170000 776696.905753
0.180000 827368.691816
0.190000 878554.174503
0.200000 930247.237970
0.210000 982441.814642
0.220000 1035131.886496
0.230000 1088311.486266
0.240000 1141974.698573
0.250000 1196115.660983
0.260000 1250728.564979
0.270000 1305807.656870
0.280000 1361347.238624
0.290000 1417341.668632
0.300000 1473785.362399
0.310000 1530672.793176
0.320000 1587998.492519
0.330000 1645757.050793
0.340000 1703943.117608
0.350000 1762551.402198
0.360000 1821576.673744
0.370000 1881013.761641
0.380000 1940857.555707
0.390000 2001103.006352
0.400000 2061745.124681
0.410000 2122778.982563
0.420000 2184199.712651
0.430000 2246002.508352
0.440000 2308182.623763
0.450000 2370735.373565
0.460000 2433656.132873
0.470000 2496940.337059
0.480000 2560583.481534
0.490000 2624581.121501
0.500000 2688928.871670
0.510000 2753622.405957
0.520000 2818657.457139
0.530000 2884029.816497
0.540000 2949735.333424
0.550000 3015769.915020
0.560000 3082129.525656
0.570000 3148810.186520
0.580000 3215807.975154
0.590000 3283119.024957
0.600000 3350739.524689
0.610000 3418665.717945
0.620000 3486893.902628
0.630000 3555420.430401
0.640000 3624241.706131
0.650000 3693354.187325
0.660000 3762754.383551
0.670000 3832438.855858
0.680000 3902404.216180
0.690000 3972647.126742
0.700000 4043164.299459
0.710000 4113952.495321
0.720000 4185008.523790
0.730000 4256329.242179
0.740000 4327911.555038
0.750000 4399752.413535
0.760000 4471848.814835
0.770000 4544197.801479
0.780000 4616796.460768
0.790000 4689641.924135
0.800000 4762731.366534
0.810000 4836062.005819
0.820000 4909631.102132
0.830000 4983435.957285
0.840000 5057473.914155
0.850000 5131742.356078
0.860000 5206238.706242
0.870000 5280960.427091
0.880000 5355905.019731
0.890000 5431070.023337
0.900000 5506453.014569
0.910000 5582051.606993
0.920000 5657863.450504
0.930000 5733886.230754
0.940000 5810117.668594
0.950000 5886555.519510
0.960000 5963197.573072
0.970000 6040041.652387
0.980000 6117085.613563
0.990000 6194327.345167
1.000000 6271764.767706
1.010000 6349395.833099
1.020000 6427218.524166
1.030000 6505230.854119
1.040000 6583430.866062
1.050000 6661816.632493
1.060000 6740386.254821
1.070000 6819137.862879
1.080000 6898069.614455
1.090000 6977179.694821
1.100000 7056466.316273
1.110000 7135927.717678
1.120000 7215562.164025
1.130000 7295367.945986
1.140000 7375343.379481
1.150000 7455486.805249
1.160000 7535796.588434
1.170000 7616271.118162
1.180000 7696908.807141
1.190000 7777708.091257
1.200000 7858667.429180
1.210000 7939785.301975
1.220000 8021060.212723
1.230000 8102490.686143
1.240000 8184075.268225
1.250000 8265812.525865
1.260000 8347701.046512
1.270000 8429739.437812
1.280000 8511926.327267
1.290000 8594260.361896
1.300000 8676740.207900
1.310000 8759364.550338
1.320000 8842132.092800
1.330000 8925041.557097
1.340000 9008091.682948
1.350000 9091281.227675
1.360000 9174608.965901
1.370000 9258073.689263
1.380000 9341674.206113
1.390000 9425409.341243
1.400000 9509277.935601
1.410000 9593278.846019
1.420000 9677410.944944
1.430000 9761673.120173
1.440000 9846064.274596
1.450000 9930583.325938
1.460000 10015229.206512
1.470000 10100000.862972
1.480000 10184897.256073
1.490000 10269917.360433
1.500000 10355060.164301
1.510000 10440324.669333
1.520000 10525709.890360
1.530000 10611214.855177
1.540000 10696838.604319
1.550000 10782580.190856
1.560000 10868438.680184
1.570000 10954413.149814
1.580000 11040502.689183
1.590000 11126706.399448
1.600000 11213023.393296
1.610000 11299452.794756
1.620000 11385993.739012
1.630000 11472645.372220
1.640000 11559406.851328
1.650000 11646277.343902
1.660000 11733256.027952
1.670000 11820342.091764
1.680000 11907534.733731
1.690000 11994833.162191
1.700000 12082236.595268
1.710000 12169744.260712
1.720000 12257355.395748
1.730000 12345069.246920
1.740000 12432885.069945
1.750000 12520802.129567
1.760000 12608819.699411
1.770000 12696937.061846
1.780000 12785153.507844
1.790000 12873468.336842
1.800000 12961880.856616
1.810000 13050390.383142
1.820000 13138996.240473
1.830000 13227697.760610
1.840000 13316494.283382
1.850000 13405385.156318
1.860000 13494369.734534
1.870000 13583447.380610
1.880000 13672617.464482
1.890000 13761879.363322
1.900000 13851232.461431
1.910000 13940676.150129
1.920000 14030209.827648
1.930000 14119832.899026
1.940000 14209544.776005
1.950000 14299344.876930
1.960000 14389232.626649
1.970000 14479207.456414
1.980000 14569268.803786
1.990000 14659416.112540
2.000000 14749648.832575
2.010000 14839966.419818
2.020000 14930368.336142
2.030000 15020854.049268
2.040000 15111423.032690
2.050000 15202074.765580
2.060000 15292808.732713
2.070000 15383624.424380
2.080000 15474521.336310
2.090000 15565498.969589
2.100000 15656556.830585
2.110000 15747694.430872
2.120000 15838911.287150
2.130000 15930206.921177
2.140000 16021580.859697
2.150000 16113032.634361
2.160000 16204561.781669
2.170000 16296167.842891
2.180000 16387850.364005
2.190000 16479608.895629
2.200000 16571442.992956
2.210000 16663352.215691
2.220000 16755336.127987
2.230000 16847394.298381
2.240000 16939526.299737
2.250000 17031731.709186
2.260000 17124010.108063
2.270000 17216361.081852
2.280000 17308784.220130
2.290000 17401279.116511
2.300000 17493845.368587
2.310000 17586482.577880
2.320000 17679190.349784
2.330000 17771968.293515
2.340000 17864816.022059
2.350000 17957733.152122
2.360000 18050719.304081
2.370000 18143774.101930
2.380000 18236897.173241
2.390000 18330088.149107
2.400000 18423346.664103
2.410000 18516672.356235
2.420000 18610064.866900
2.430000 18703523.840836
2.440000 18797048.926083
2.450000 18890639.773937
2.460000 18984296.038910
2.470000 19078017.378687
2.480000 19171803.454088
2.490000 19265653.929022
2.500000 19359568.470454
2.510000 19453546.748361
2.520000 19547588.435698
2.530000 19641693.208355
2.540000 19735860.745126
2.550000 19830090.727668
2.560000 19924382.840466
2.570000 20018736.770798
2.580000 20113152.208702
2.590000 20207628.846938
2.600000 20302166.380956
2.610000 20396764.508866
2.620000 20491422.931398
2.630000 20586141.351877
2.640000 20680919.476187
2.650000 20775757.012740
2.660000 20870653.672449
2.670000 20965609.168692
2.680000 21060623.217288
2.690000 21155695.536462
2.700000 21250825.846820
2.710000 21346013.871321
2.720000 21441259.335243
2.730000 21536561.966165
2.740000 21631921.493930
2.750000 21727337.650624
2.760000 21822810.170549
2.770000 21918338.790196
2.780000 22013923.248219
2.790000 22109563.285409
2.800000 22205258.644672
2.810000 22301009.071004
2.820000 22396814.311462
2.830000 22492674.115146
2.840000 22588588.233174
2.850000 22684556.418658
2.860000 22780578.426680
2.870000 22876654.014273
2.880000 22972782.940396
2.890000 23068964.965911
2.900000 23165199.853569
2.910000 23261487.367977
2.920000 23357827.275589
2.930000 23454219.344676
2.940000 23550663.345312
2.950000 23647159.049350
2.960000 23743706.230407
2.970000 23840304.663837
2.980000 23936954.126720
2.990000 24033654.397837
3.000000 24130405.257656
3.010000 24227206.488309
3.020000 24324057.873579
3.030000 24420959.198877
3.040000 24517910.251228
3.050000 24614910.819252
3.060000 24711960.693148
3.070000 24809059.664675
3.080000 24906207.527138
3.090000 25003404.075370
3.100000 25100649.105716
3.110000 25197942.416016
3.120000 25295283.805593
3.130000 25392673.075231
3.140000 25490110.027166
3.150000 25587594.465068
3.160000 25685126.194025
3.170000 25782705.020531
3.180000 25880330.752468
3.190000 25978003.199096
3.200000 26075722.171035
3.210000 26173487.480252
3.220000 26271298.940049
3.230000 26369156.365047
3.240000 26467059.571175
3.250000 26565008.375653
3.260000 26663002.596983
3.270000 26761042.054934
3.280000 26859126.570530
3.290000 26957255.966037
3.300000 27055430.064950
3.310000 27153648.691981
3.320000 27251911.673048
3.330000 27350218.835263
3.340000 27448570.006919
3.350000 27546965.017477
3.360000 27645403.697560
3.370000 27743885.878934
3.380000 27842411.394505
3.390000 27940980.078301
3.400000 28039591.765463
3.410000 28138246.292239
3.420000 28236943.495966
3.430000 28335683.215064
3.440000 28434465.289024
3.450000 28533289.558400
3.460000 28632155.864795
3.470000 28731064.050853
3.480000 28830013.960253
3.490000 28929005.437690
3.500000 29028038.328875
3.510000 29127112.480520
3.520000 29226227.740329
3.530000 29325383.956991
3.540000 29424580.980169
3.550000 29523818.660491
3.560000 29623096.849542
3.570000 29722415.399854
3.580000 29821774.164899
3.590000 29921172.999077
3.600000 30020611.757712
3.610000 30120090.297040
3.620000 30219608.474202
3.630000 30319166.147236
3.640000 30418763.175068
3.650000 30518399.417505
3.660000 30618074.735227
3.670000 30717788.989776
3.680000 30817542.043555
3.690000 30917333.759814
3.700000 31017164.002644
3.710000 31117032.636971
3.720000 31216939.528548
3.730000 31316884.543948
3.740000 31416867.550555
3.750000 31516888.416558
3.760000 31616947.010946
3.770000 31717043.203497
3.780000 31817176.864773
3.790000 31917347.866114
3.800000 32017556.079631
3.810000 32117801.378199
3.820000 32218083.635448
3.830000 32318402.725761
3.840000 32418758.524265
3.850000 32519150.906824
3.860000 32619579.750034
3.870000 32720044.931216
3.880000 32820546.328410
3.890000 32921083.820371
3.900000 33021657.286559
3.910000 33122266.607135
3.920000 33222911.662957
3.930000 33323592.335570
3.940000 33424308.507204
3.950000 33525060.060766
3.960000 33625846.879837
3.970000 33726668.848662
3.980000 33827525.852149
3.990000 33928417.775861
4.000000 34029344.506011
4.010000 34130305.929458
4.020000 34231301.933699
4.030000 34332332.406865
4.040000 34433397.237720
4.050000 34534496.315647
4.060000 34635629.530651
4.070000 34736796.773350
4.080000 34837997.934972
4.090000 34939232.907348
4.100000 35040501.582908
4.110000 35141803.854678
4.120000 35243139.616272
4.130000 35344508.761891
4.140000 35445911.186314
4.150000 35547346.784897
4.160000 35648815.453568
4.170000 35750317.088819
4.180000 35851851.587707
4.190000 35953418.847845
4.200000 36055018.767401
4.210000 36156651.245090
4.220000 36258316.180174
4.230000 36360013.472454
4.240000 36461743.022267
4.250000 36563504.730485
4.260000 36665298.498505
4.270000 36767124.228248
4.280000 36868981.822158
4.290000 36970871.183193
4.300000 37072792.214822
4.310000 37174744.821025
4.320000 37276728.906283
4.330000 37378744.375580
4.340000 37480791.134395
4.350000 37582869.088702
4.360000 37684978.144962
4.370000 37787118.210123
4.380000 37889289.191613
4.390000 37991490.997340
4.400000 38093723.535687
4.410000 38195986.715506
4.420000 38298280.446119
4.430000 38400604.637311
4.440000 38502959.199327
4.450000 38605344.042871
4.460000 38707759.079100
4.470000 38810204.219621
4.480000 38912679.376490
4.490000 39015184.462206
4.500000 39117719.389709
4.510000 39220284.072377
4.520000 39322878.424021
4.530000 39425502.358884
4.540000 39528155.791639
4.550000 39630838.637382
4.560000 39733550.811630
4.570000 39836292.230322
4.580000 39939062.809812
4.590000 40041862.466865
4.600000 40144691.118658
4.610000 40247548.682774
4.620000 40350435.077203
4.630000 40453350.220332
4.640000 40556294.030950
4.650000 40659266.428241
4.660000 40762267.331780
4.670000 40865296.661534
4.680000 40968354.337859
4.690000 41071440.281492
4.700000 41174554.413554
4.710000 41277696.655547
4.720000 41380866.929346
4.730000 41484065.157204
4.740000 41587291.261743
4.750000 41690545.165955
4.760000 41793826.793198
4.770000 41897136.067196
4.780000 42000472.912030
4.790000 42103837.252145
4.800000 42207229.012340
4.810000 42310648.117767
4.820000 42414094.493933
4.830000 42517568.066691
4.840000 42621068.762242
4.850000 42724596.507134
4.860000 42828151.228253
4.870000 42931732.852829
4.880000 43035341.308427
4.890000 43138976.522948
4.900000 43242638.424628
4.910000 43346326.942031
4.920000 43450042.004053
4.930000 43553783.539914
4.940000 43657551.479160
4.950000 43761345.751658
4.960000 43865166.287597
4.970000 43969013.017481
4.980000 44072885.872134
4.990000 44176784.782691
5.000000 44280709.680600
5.010000 44384660.497618
5.020000 44488637.165811
5.030000 44592639.617550
5.040000 44696667.785509
5.050000 44800721.602665
5.060000 44904801.002296
5.070000 45008905.917975
5.080000 45113036.283574
5.090000 45217192.033257
5.100000 45321373.101481
5.110000 45425579.422994
5.120000 45529810.932832
5.130000 45634067.566317
5.140000 45738349.259058
5.150000 45842655.946944
5.160000 45946987.566149
5.170000 46051344.053122
5.180000 46155725.344594
5.190000 46260131.377570
5.200000 46364562.089329
5.210000 46469017.417423
5.220000 46573497.299675
5.230000 46678001.674178
5.240000 46782530.479290
5.250000 46887083.653636
5.260000 46991661.136107
5.270000 47096262.865854
5.280000 47200888.782291
5.290000 47305538.825088
5.300000 47410212.934177
5.310000 47514911.049743
5.320000 47619633.112226
5.330000 47724379.062321
5.340000 47829148.840971
5.350000 47933942.389373
5.360000 48038759.648968
5.370000 48143600.561448
5.380000 48248465.068748
5.390000 48353353.113047
5.400000 48458264.636767
5.410000 48563199.582570
5.420000 48668157.893360
5.430000 48773139.512275
5.440000 48878144.382694
5.450000 48983172.448229
5.460000 49088223.652725
5.470000 49193297.940262
5.480000 49298395.255148
5.490000 49403515.541922
5.500000 49508658.745354
5.510000 49613824.810436
5.520000 49719013.682390
5.530000 49824225.306659
5.540000 49929459.628911
5.550000 50034716.595035
5.560000 50139996.151140
5.570000 50245298.243556
5.580000 50350622.818828
5.590000 50455969.823720
5.600000 50561339.205209
5.610000 50666730.910488
5.620000 50772144.886962
5.630000 50877581.082248
5.640000 50983039.444171
5.650000 51088519.920769
5.660000 51194022.460285
5.670000 51299547.011170
5.680000 51405093.522080
5.690000 51510661.941876
5.700000 51616252.219621
5.710000 51721864.304581
5.720000 51827498.146224
5.730000 51933153.694214
5.740000 52038830.898419
5.750000 52144529.708899
5.760000 52250250.075914
5.770000 52355991.949919
5.780000 52461755.281561
5.790000 52567540.021682
5.800000 52673346.121316
5.810000 52779173.531687
5.820000 52885022.204208
5.830000 52990892.090485
5.840000 53096783.142306
5.850000 53202695.311649
5.860000 53308628.550678
5.870000 53414582.811741
5.880000 53520558.047368
5.890000 53626554.210275
5.900000 53732571.253355
5.910000 53838609.129686
5.920000 53944667.792524
5.930000 54050747.195302
5.940000 54156847.291633
5.950000 54262968.035305
5.960000 54369109.380284
5.970000 54475271.280707
5.980000 54581453.690889
5.990000 54687656.565314
6.000000 54793879.858641
6.010000 54900123.525699
6.020000 55006387.521485
6.030000 55112671.801169
6.040000 55218976.320085
6.050000 55325301.033739
6.060000 55431645.897799
6.070000 55538010.868102
6.080000 55644395.900647
6.090000 55750800.951598
6.100000 55857225.977282
6.110000 55963670.934189
6.120000 56070135.778968
6.130000 56176620.468429
6.140000 56283124.959543
6.150000 56389649.209438
6.160000 56496193.175400
6.170000 56602756.814873
6.180000 56709340.085456
6.190000 56815942.944904
6.200000 56922565.351127
6.210000 57029207.262186
6.220000 57135868.636299
6.230000 57242549.431833
6.240000 57349249.607307
6.250000 57455969.121392
6.260000 57562707.932907
6.270000 57669466.000820
6.280000 57776243.284249
6.290000 57883039.742457
6.300000 57989855.334855
6.310000 58096690.021001
6.320000 58203543.760596
6.330000 58310416.513486
6.340000 58417308.239662
6.350000 58524218.899256
6.360000 58631148.452545
6.370000 58738096.859944
6.380000 58845064.082012
6.390000 58952050.079445
6.400000 59059054.813081
6.410000 59166078.243896
6.420000 59273120.333002
6.430000 59380181.041651
6.440000 59487260.331230
6.450000 59594358.163262
6.460000 59701474.499406
6.470000 59808609.301455
6.480000 59915762.531334
6.490000 60022934.151105
6.500000 60130124.122960
6.510000 60237332.409222
6.520000 60344558.972347
6.530000 60451803.774922
6.540000 60559066.779662
6.550000 60666347.949412
6.560000 60773647.247145
6.570000 60880964.635965
6.580000 60988300.079098
6.590000 61095653.539902
6.600000 61203024.981858
6.610000 61310414.368572
6.620000 61417821.663778
6.630000 61525246.831332
6.640000 61632689.835213
6.650000 61740150.639524
6.660000 61847629.208492
6.670000 61955125.506463
6.680000 62062639.497905
6.690000 62170171.147408
6.700000 62277720.419681
6.710000 62385287.279553
6.720000 62492871.691971
6.730000 62600473.622002
6.740000 62708093.034828
6.750000 62815729.895752
6.760000 62923384.170190
6.770000 63031055.823676
6.780000 63138744.821860
6.790000 63246451.130505
6.800000 63354174.715491
6.810000 63461915.542809
6.820000 63569673.578565
6.830000 63677448.788978
6.840000 63785241.140379
6.850000 63893050.599211
6.860000 64000877.132027
6.870000 64108720.705491
6.880000 64216581.286379
6.890000 64324458.841575
6.900000 64432353.338072
6.910000 64540264.742972
6.920000 64648193.023485
6.930000 64756138.146929
6.940000 64864100.080729
6.950000 64972078.792417
6.960000 65080074.249629
6.970000 65188086.420109
6.980000 65296115.271705
6.990000 65404160.772370
7.000000 65512222.890161
7.010000 65620301.593239
7.020000 65728396.849867
7.030000 65836508.628412
7.040000 65944636.897343
7.050000 66052781.625230
7.060000 66160942.780746
7.070000 66269120.332663
7.080000 66377314.249853
7.090000 66485524.501290
7.100000 66593751.056046
7.110000 66701993.883293
7.120000 66810252.952301
7.130000 66918528.232437
7.140000 67026819.693168
7.150000 67135127.304055
7.160000 67243451.034759
7.170000 67351790.855037
7.180000 67460146.734738
7.190000 67568518.643812
7.200000 67676906.552301
7.210000 67785310.430341
7.220000 67893730.248163
7.230000 68002165.976093
7.240000 68110617.584549
7.250000 68219085.044042
7.260000 68327568.325176
7.270000 68436067.398646
7.280000 68544582.235241
7.290000 68653112.805838
7.300000 68761659.081408
7.310000 68870221.033010
7.320000 68978798.631795
7.330000 69087391.849002
7.340000 69196000.655962
7.350000 69304625.024091
7.360000 69413264.924896
7.370000 69521920.329971
7.380000 69630591.211000
7.390000 69739277.539751
7.400000 69847979.288082
7.410000 69956696.427934
7.420000 70065428.931338
7.430000 70174176.770409
7.440000 70282939.917347
7.450000 70391718.344438
7.460000 70500512.024051
7.470000 70609320.928643
7.480000 70718145.030750
7.490000 70826984.302996
7.500000 70935838.718085
7.510000 71044708.248807
7.520000 71153592.868031
7.530000 71262492.548711
7.540000 71371407.263882
7.550000 71480336.986659
7.560000 71589281.690240
7.570000 71698241.347903
7.580000 71807215.933007
7.590000 71916205.418989
7.600000 72025209.779369
7.610000 72134228.987744
7.620000 72243263.017791
7.630000 72352311.843265
7.640000 72461375.438000
7.650000 72570453.775908
7.660000 72679546.830978
7.670000 72788654.577277
7.680000 72897776.988950
7.690000 73006914.040217
7.700000 73116065.705376
7.710000 73225231.958799
7.720000 73334412.774935
7.730000 73443608.128310
7.740000 73552817.993523
7.750000 73662042.345247
7.760000 73771281.158233
7.770000 73880534.407303
7.780000 73989802.067355
7.790000 74099084.113358
7.800000 74208380.520358
7.810000 74317691.263470
7.820000 74427016.317885
7.830000 74536355.658863
7.840000 74645709.261741
7.850000 74755077.101922
7.860000 74864459.154884
7.870000 74973855.396176
7.880000 75083265.801417
7.890000 75192690.346297
7.900000 75302129.006576
7.910000 75411581.758085
7.920000 75521048.576722
7.930000 75630529.438458
7.940000 75740024.319332
7.950000 75849533.195450
7.960000 75959056.042988
7.970000 76068592.838192
7.980000 76178143.557373
7.990000 76287708.176911
8.000000 76397286.673255
8.010000 76506879.022919
8.020000 76616485.202484
8.030000 76726105.188600
8.040000 76835738.957981
8.050000 76945386.487409
8.060000 77055047.753729
8.070000 77164722.733856
8.080000 77274411.404765
8.090000 77384113.743501
8.100000 77493829.727172
8.110000 77603559.332948
8.120000 77713302.538068
8.130000 77823059.319832
8.140000 77932829.655603
8.150000 78042613.522811
8.160000 78152410.898946
8.170000 78262221.761563
8.180000 78372046.088279
8.190000 78481883.856773
8.200000 78591735.044787
8.210000 78701599.630125
8.220000 78811477.590654
8.230000 78921368.904299
8.240000 79031273.549051
8.250000 79141191.502957
8.260000 79251122.744130
8.270000 79361067.250740
8.280000 79471025.001018
8.290000 79580995.973256
8.300000 79690980.145805
8.310000 79800977.497077
8.320000 79910988.005542
8.330000 80021011.649729
8.340000 80131048.408227
8.350000 80241098.259684
8.360000 80351161.182805
8.370000 80461237.156355
8.380000 80571326.159155
8.390000 80681428.170085
8.400000 80791543.168084
8.410000 80901671.132145
8.420000 81011812.041321
8.430000 81121965.874721
8.440000 81232132.611511
8.450000 81342312.230912
8.460000 81452504.712204
8.470000 81562710.034721
8.480000 81672928.177852
8.490000 81783159.121045
8.500000 81893402.843800
8.510000 82003659.325675
8.520000 82113928.546280
8.530000 82224210.485282
8.540000 82334505.122403
8.550000 82444812.437417
8.560000 82555132.410154
8.570000 82665465.020498
8.580000 82775810.248385
8.590000 82886168.073807
8.600000 82996538.476808
8.610000 83106921.437485
8.620000 83217316.935988
8.630000 83327724.952520
8.640000 83438145.467337
8.650000 83548578.460746
8.660000 83659023.913108
8.670000 83769481.804835
8.680000 83879952.116390
8.690000 83990434.828289
8.700000 84100929.921099
8.710000 84211437.375437
8.720000 84321957.171972
8.730000 84432489.291425
8.740000 84543033.714565
8.750000 84653590.422213
8.760000 84764159.395241
8.770000 84874740.614569
8.780000 84985334.061168
8.790000 85095939.716059
8.800000 85206557.560313
8.810000 85317187.575048
8.820000 85427829.741433
8.830000 85538484.040686
8.840000 85649150.454073
8.850000 85759828.962909
8.860000 85870519.548558
8.870000 85981222.192431
8.880000 86091936.875988
8.890000 86202663.580736
8.900000 86313402.288231
8.910000 86424152.980075
8.920000 86534915.637920
8.930000 86645690.243461
8.940000 86756476.778445
8.950000 86867275.224661
8.960000 86978085.563948
8.970000 87088907.778191
8.980000 87199741.849320
8.990000 87310587.759313
9.000000 87421445.490192
9.010000 87532315.024027
9.020000 87643196.342932
9.030000 87754089.429066
9.040000 87864994.264637
9.050000 87975910.831893
9.060000 88086839.113131
9.070000 88197779.090692
9.080000 88308730.746961
9.090000 88419694.064367
9.100000 88530669.025384
9.110000 88641655.612532
9.120000 88752653.808373
9.130000 88863663.595512
9.140000 88974684.956601
9.150000 89085717.874333
9.160000 89196762.331445
9.170000 89307818.310717
9.180000 89418885.794974
9.190000 89529964.767082
9.200000 89641055.209951
9.210000 89752157.106532
9.220000 89863270.439821
9.230000 89974395.192854
9.240000 90085531.348711
9.250000 90196678.890513
9.260000 90307837.801424
9.270000 90419008.064648
9.280000 90530189.663433
9.290000 90641382.581067
9.300000 90752586.800879
9.310000 90863802.306241
9.320000 90975029.080563
9.330000 91086267.107300
9.340000 91197516.369944
9.350000 91308776.852030
9.360000 91420048.537133
9.370000 91531331.408868
9.380000 91642625.450889
9.390000 91753930.646894
9.400000 91865246.980615
9.410000 91976574.435830
9.420000 92087912.996353
9.430000 92199262.646038
9.440000 92310623.368779
9.450000 92421995.148508
9.460000 92533377.969198
9.470000 92644771.814861
9.480000 92756176.669545
9.490000 92867592.517340
9.500000 92979019.342372
9.510000 93090457.128808
9.520000 93201905.860851
9.530000 93313365.522744
9.540000 93424836.098767
9.550000 93536317.573238
9.560000 93647809.930513
9.570000 93759313.154986
9.580000 93870827.231087
9.590000 93982352.143286
9.600000 94093887.876088
9.610000 94205434.414037
9.620000 94316991.741712
9.630000 94428559.843731
9.640000 94540138.704747
9.650000 94651728.309451
9.660000 94763328.642570
9.670000 94874939.688867
9.680000 94986561.433142
9.690000 95098193.860231
9.700000 95209836.955006
9.710000 95321490.702374
9.720000 95433155.087280
9.730000 95544830.094702
9.740000 95656515.709656
9.750000 95768211.917192
9.760000 95879918.702396
9.770000 95991636.050388
9.780000 96103363.946325
9.790000 96215102.375398
9.800000 96326851.322832
9.810000 96438610.773888
9.820000 96550380.713862
9.830000 96662161.128084
9.840000 96773952.001916
9.850000 96885753.320759
9.860000 96997565.070044
9.870000 97109387.235238
9.880000 97221219.801843
9.890000 97333062.755391
9.900000 97444916.081453
9.910000 97556779.765629
9.920000 97668653.793554
9.930000 97780538.150899
9.940000 97892432.823364
9.950000 98004337.796685
9.960000 98116253.056631
9.970000 98228178.589001
9.980000 98340114.379632
9.990000 98452060.414389
10.000000 98564016.679171
