0.000000 0.000000
0.010000 41203.771159
0.020000 83491.804785
0.030000 126829.618255
0.040000 171181.864342
0.050000 216512.536978
0.060000 262785.168070
0.070000 309963.023598
0.080000 358009.302051
0.090000 406887.334534
0.100000 456560.783406
0.110000 506993.835050
0.120000 558151.381904
0.130000 609999.189222
0.140000 662504.042722
0.150000 715633.874339
0.160000 769357.864409
0.170000 823646.519725
0.180000 878471.727883
0.190000 933806.789176
0.200000 989626.427913
0.210000 1045906.785449
0.220000 1102625.397477
0.230000 1159761.158192
0.240000 1217294.273909
0.250000 1275206.208548
0.260000 1333479.623216
0.270000 1392098.311838
0.280000 1451047.134553
0.290000 1510311.950292
0.300000 1569879.549704
0.310000 1629737.589389
0.320000 1689874.528119
0.330000 1750279.565623
0.340000 1810942.584273
0.350000 1871854.093934
0.360000 1933005.180100
0.370000 1994387.455367
0.380000 2055993.014203
0.390000 2117814.390968
0.400000 2179844.521034
0.410000 2242076.704902
0.420000 2304504.575128
0.430000 2367122.065908
0.440000 2429923.385147
0.450000 2492902.988840
0.460000 2556055.557600
0.470000 2619375.975167
0.480000 2682859.308757
0.490000 2746500.791093
0.500000 2810295.803998
0.510000 2874239.863411
0.520000 2938328.605730
0.530000 3002557.775355
0.540000 3066923.213365
0.550000 3131420.847208
0.560000 3196046.681360
0.570000 3260796.788859
0.580000 3325667.303664
0.590000 3390654.413775
0.600000 3455754.355075
0.610000 3520963.405834
0.620000 3586277.881853
0.630000 3651694.132195
0.640000 3717208.535493
0.650000 3782817.496782
0.660000 3848517.444853
0.670000 3914304.830096
0.680000 3980176.122813
0.690000 4046127.811976
0.700000 4112156.404437
0.710000 4178258.424539
0.720000 4244430.414140
0.730000 4310668.933030
0.740000 4376970.559712
0.750000 4443331.892553
0.760000 4509749.551271
0.770000 4576220.178759
0.780000 4642740.443216
0.790000 4709307.040574
0.800000 4775916.697209
0.810000 4842566.172899
0.820000 4909252.264034
0.830000 4975971.807031
0.840000 5042721.681951
0.850000 5109498.816288
0.860000 5176300.188899
0.870000 5243122.834062
0.880000 5309963.845626
0.890000 5376820.381236
0.900000 5443689.666591
0.910000 5510568.999721
0.920000 5577455.755254
0.930000 5644347.388639
0.940000 5711241.440297
0.950000 5778135.539681
0.960000 5845027.409219
0.970000 5911914.868101
0.980000 5978795.835903
0.990000 6045668.336015
1.000000 6112530.498855
1.010000 6179380.564850
1.020000 6246216.887168
1.030000 6313037.934173
1.040000 6379842.291615
1.050000 6446628.664515
1.060000 6513395.878757
1.070000 6580142.882367
1.080000 6646868.746480
1.090000 6713572.665999
1.100000 6780253.959927
1.110000 6846912.071398
1.120000 6913546.567388
1.130000 6980157.138132
1.140000 7046743.596234
1.150000 7113305.875507
1.160000 7179844.029518
1.170000 7246358.229888
1.180000 7312848.764325
1.190000 7379316.034436
1.200000 7445760.553311
1.210000 7512182.942898
1.220000 7578583.931202
1.230000 7644964.349301
1.240000 7711325.128213
1.250000 7777667.295620
1.260000 7843991.972479
1.270000 7910300.369518
1.280000 7976593.783651
1.290000 8042873.594313
1.300000 8109141.259748
1.310000 8175398.313239
1.320000 8241646.359322
1.330000 8307887.069974
1.340000 8374122.180800
1.350000 8440353.487232
1.360000 8506582.840734
1.370000 8572812.145048
1.380000 8639043.352469
1.390000 8705278.460167
1.400000 8771519.506559
1.410000 8837768.567742
1.420000 8904027.753993
1.430000 8970299.206330
1.440000 9036585.093152
1.450000 9102887.606962
1.460000 9169208.961154
1.470000 9235551.386900
1.480000 9301917.130110
1.490000 9368308.448481
1.500000 9434727.608632
1.510000 9501176.883323
1.520000 9567658.548770
1.530000 9634174.882030
1.540000 9700728.158487
1.550000 9767320.649414
1.560000 9833954.619621
1.570000 9900632.325182
1.580000 9967356.011247
1.590000 10034127.909931
1.600000 10100950.238275
1.610000 10167825.196290
1.620000 10234754.965070
1.630000 10301741.704975
1.640000 10368787.553883
1.650000 10435894.625514
1.660000 10503065.007813
1.670000 10570300.761403
1.680000 10637603.918089
1.690000 10704976.479436
1.700000 10772420.415394
1.710000 10839937.662982
1.720000 10907530.125031
1.730000 10975199.668976
1.740000 11042948.125701
1.750000 11110777.288439
1.760000 11178688.911714
1.770000 11246684.710344
1.780000 11314766.358477
1.790000 11382935.488690
1.800000 11451193.691122
1.810000 11519542.512661
1.820000 11587983.456172
1.830000 11656517.979775
1.840000 11725147.496162
1.850000 11793873.371969
1.860000 11862696.927176
1.870000 11931619.434574
1.880000 12000642.119255
1.890000 12069766.158162
1.900000 12138992.679678
1.910000 12208322.763259
1.920000 12277757.439119
1.930000 12347297.687951
1.940000 12416944.440703
1.950000 12486698.578396
1.960000 12556560.931985
1.970000 12626532.282277
1.980000 12696613.359883
1.990000 12766804.845229
2.000000 12837107.368605
2.010000 12907521.510267
2.020000 12978047.800585
2.030000 13048686.720240
2.040000 13119438.700460
2.050000 13190304.123320
2.060000 13261283.322070
2.070000 13332376.581525
2.080000 13403584.138492
2.090000 13474906.182248
2.100000 13546342.855061
2.110000 13617894.252758
2.120000 13689560.425331
2.130000 13761341.377596
2.140000 13833237.069885
2.150000 13905247.418782
2.160000 13977372.297902
2.170000 14049611.538705
2.180000 14121964.931346
2.190000 14194432.225567
2.200000 14267013.131613
2.210000 14339707.321192
2.220000 14412514.428459
2.230000 14485434.051024
2.240000 14558465.751002
2.250000 14631609.056074
2.260000 14704863.460575
2.270000 14778228.426607
2.280000 14851703.385166
2.290000 14925287.737288
2.300000 14998980.855208
2.310000 15072782.083535
2.320000 15146690.740430
2.330000 15220706.118800
2.340000 15294827.487490
2.350000 15369054.092485
2.360000 15443385.158110
2.370000 15517819.888228
2.380000 15592357.467434
2.390000 15666997.062253
2.400000 15741737.822316
2.410000 15816578.881540
2.420000 15891519.359288
2.430000 15966558.361522
2.440000 16041694.981937
2.450000 16116928.303081
2.460000 16192257.397459
2.470000 16267681.328609
2.480000 16343199.152167
2.490000 16418809.916907
2.500000 16494512.665751
2.510000 16570306.436762
2.520000 16646190.264108
2.530000 16722163.179000
2.540000 16798224.210603
2.550000 16874372.386914
2.560000 16950606.735619
2.570000 17026926.284915
2.580000 17103330.064301
2.590000 17179817.105344
2.600000 17256386.442409
2.610000 17333037.113361
2.620000 17409768.160236
2.630000 17486578.629881
2.640000 17563467.574558
2.650000 17640434.052528
2.660000 17717477.128595
2.670000 17794595.874621
2.680000 17871789.370019
2.690000 17949056.702201
2.700000 18026396.967016
2.710000 18103809.269143
2.720000 18181292.722463
2.730000 18258846.450407
2.740000 18336469.586268
2.750000 18414161.273496
2.760000 18491920.665962
2.770000 18569746.928196
2.780000 18647639.235609
2.790000 18725596.774681
2.800000 18803618.743135
2.810000 18881704.350086
2.820000 18959852.816167
2.830000 19038063.373640
2.840000 19116335.266483
2.850000 19194667.750460
2.860000 19273060.093178
2.870000 19351511.574117
2.880000 19430021.484655
2.890000 19508589.128067
2.900000 19587213.819523
2.910000 19665894.886058
2.920000 19744631.666538
2.930000 19823423.511613
2.940000 19902269.783654
2.950000 19981169.856684
2.960000 20060123.116299
2.970000 20139128.959574
2.980000 20218186.794967
2.990000 20297296.042211
3.000000 20376456.132200
3.010000 20455666.506867
3.020000 20534926.619060
3.030000 20614235.932402
3.040000 20693593.921160
3.050000 20773000.070095
3.060000 20852453.874320
3.070000 20931954.839146
3.080000 21011502.479928
3.090000 21091096.321908
3.100000 21170735.900054
3.110000 21250420.758901
3.120000 21330150.452382
3.130000 21409924.543669
3.140000 21489742.605002
3.150000 21569604.217525
3.160000 21649508.971119
3.170000 21729456.464228
3.180000 21809446.303703
3.190000 21889478.104622
3.200000 21969551.490134
3.210000 22049666.091285
3.220000 22129821.546858
3.230000 22210017.503206
3.240000 22290253.614092
3.250000 22370529.540522
3.260000 22450844.950594
3.270000 22531199.519332
3.280000 22611592.928532
3.290000 22692024.866609
3.300000 22772495.028443
3.310000 22853003.115230
3.320000 22933548.834333
3.330000 23014131.899133
3.340000 23094752.028890
3.350000 23175408.948601
3.360000 23256102.388857
3.370000 23336832.085709
3.380000 23417597.780536
3.390000 23498399.219908
3.400000 23579236.155463
3.410000 23660108.343774
3.420000 23741015.546230
3.430000 23821957.528911
3.440000 23902934.062470
3.450000 23983944.922019
3.460000 24064989.887009
3.470000 24146068.741123
3.480000 24227181.272166
3.490000 24308327.271956
3.500000 24389506.536224
3.510000 24470718.864508
3.520000 24551964.060056
3.530000 24633241.929728
3.540000 24714552.283902
3.550000 24795894.936381
3.560000 24877269.704301
3.570000 24958676.408048
3.580000 25040114.871169
3.590000 25121584.920286
3.600000 25203086.385021
3.610000 25284619.097911
3.620000 25366182.894334
3.630000 25447777.612433
3.640000 25529403.093042
3.650000 25611059.179615
3.660000 25692745.718159
3.670000 25774462.557163
3.680000 25856209.547535
3.690000 25937986.542535
3.700000 26019793.397719
3.710000 26101629.970870
3.720000 26183496.121947
3.730000 26265391.713025
3.740000 26347316.608237
3.750000 26429270.673726
3.760000 26511253.777586
3.770000 26593265.789816
3.780000 26675306.582268
3.790000 26757376.028601
3.800000 26839474.004231
3.810000 26921600.386289
3.820000 27003755.053575
3.830000 27085937.886519
3.840000 27168148.767131
3.850000 27250387.578971
3.860000 27332654.207103
3.870000 27414948.538060
3.880000 27497270.459804
3.890000 27579619.861695
3.900000 27661996.634453
3.910000 27744400.670123
3.920000 27826831.862048
3.930000 27909290.104829
3.940000 27991775.294302
3.950000 28074287.327504
3.960000 28156826.102643
3.970000 28239391.519074
3.980000 28321983.477268
3.990000 28404601.878785
4.000000 28487246.626254
4.010000 28569917.623339
4.020000 28652614.774724
4.030000 28735337.986083
4.040000 28818087.164059
4.050000 28900862.216244
4.060000 28983663.051154
4.070000 29066489.578212
4.080000 29149341.707722
4.090000 29232219.350858
4.100000 29315122.419636
4.110000 29398050.826900
4.120000 29481004.486307
4.130000 29563983.312301
4.140000 29646987.220105
4.150000 29730016.125700
4.160000 29813069.945809
4.170000 29896148.597883
4.180000 29979252.000087
4.190000 30062380.071280
4.200000 30145532.731009
4.210000 30228709.899489
4.220000 30311911.497591
4.230000 30395137.446832
4.240000 30478387.669358
4.250000 30561662.087936
4.260000 30644960.625937
4.270000 30728283.207332
4.280000 30811629.756674
4.290000 30895000.199088
4.300000 30978394.460265
4.310000 31061812.466448
4.320000 31145254.144421
4.330000 31228719.421504
4.340000 31312208.225538
4.350000 31395720.484881
4.360000 31479256.128394
4.370000 31562815.085438
4.380000 31646397.285860
4.390000 31730002.659989
4.400000 31813631.138626
4.410000 31897282.653037
4.420000 31980957.134945
4.430000 32064654.516523
4.440000 32148374.730387
4.450000 32232117.709589
4.460000 32315883.387608
4.470000 32399671.698350
4.480000 32483482.576133
4.490000 32567315.955686
4.500000 32651171.772144
4.510000 32735049.961037
4.520000 32818950.458290
4.530000 32902873.200212
4.540000 32986818.123495
4.550000 33070785.165206
4.560000 33154774.262784
4.570000 33238785.354031
4.580000 33322818.377113
4.590000 33406873.270550
4.600000 33490949.973213
4.610000 33575048.424320
4.620000 33659168.563431
4.630000 33743310.330445
4.640000 33827473.665594
4.650000 33911658.509438
4.660000 33995864.802865
4.670000 34080092.487082
4.680000 34164341.503615
4.690000 34248611.794303
4.700000 34332903.301297
4.710000 34417215.967052
4.720000 34501549.734327
4.730000 34585904.546182
4.740000 34670280.345970
4.750000 34754677.077341
4.760000 34839094.684233
4.770000 34923533.110868
4.780000 35007992.301756
4.790000 35092472.201684
4.800000 35176972.755718
4.810000 35261493.909200
4.820000 35346035.607741
4.830000 35430597.797223
4.840000 35515180.423794
4.850000 35599783.433866
4.860000 35684406.774111
4.870000 35769050.391461
4.880000 35853714.233103
4.890000 35938398.246479
4.900000 36023102.379281
4.910000 36107826.579450
4.920000 36192570.795174
4.930000 36277334.974885
4.940000 36362119.067259
4.950000 36446923.021207
4.960000 36531746.785884
4.970000 36616590.310676
4.980000 36701453.545206
4.990000 36786336.439324
5.000000 36871238.943115
5.010000 36956161.006889
5.020000 37041102.581180
5.030000 37126063.616749
5.040000 37211044.064577
5.050000 37296043.875867
5.060000 37381063.002038
5.070000 37466101.394726
5.080000 37551159.005784
5.090000 37636235.787276
5.100000 37721331.691478
5.110000 37806446.670877
5.120000 37891580.678165
5.130000 37976733.666244
5.140000 38061905.588219
5.150000 38147096.397399
5.160000 38232306.047296
5.170000 38317534.491620
5.180000 38402781.684281
5.190000 38488047.579388
5.200000 38573332.131243
5.210000 38658635.294345
5.220000 38743957.023385
5.230000 38829297.273246
5.240000 38914655.999002
5.250000 39000033.155914
5.260000 39085428.699434
5.270000 39170842.585198
5.280000 39256274.769027
5.290000 39341725.206927
5.300000 39427193.855087
5.310000 39512680.669875
5.320000 39598185.607842
5.330000 39683708.625716
5.340000 39769249.680403
5.350000 39854808.728986
5.360000 39940385.728723
5.370000 40025980.637047
5.380000 40111593.411562
5.390000 40197224.010046
5.400000 40282872.390447
5.410000 40368538.510883
5.420000 40454222.329641
5.430000 40539923.805175
5.440000 40625642.896104
5.450000 40711379.561215
5.460000 40797133.759459
5.470000 40882905.449950
5.480000 40968694.591962
5.490000 41054501.144935
5.500000 41140325.068465
5.510000 41226166.322311
5.520000 41312024.866387
5.530000 41397900.660767
5.540000 41483793.665681
5.550000 41569703.841513
5.560000 41655631.148804
5.570000 41741575.548247
5.580000 41827537.000688
5.590000 41913515.467126
5.600000 41999510.908709
5.610000 42085523.286737
5.620000 42171552.562659
5.630000 42257598.698070
5.640000 42343661.654715
5.650000 42429741.394486
5.660000 42515837.879418
5.670000 42601951.071694
5.680000 42688080.933639
5.690000 42774227.427722
5.700000 42860390.516555
5.710000 42946570.162890
5.720000 43032766.329622
5.730000 43118978.979785
5.740000 43205208.076552
5.750000 43291453.583235
5.760000 43377715.463283
5.770000 43463993.680284
5.780000 43550288.197959
5.790000 43636598.980168
5.800000 43722925.990903
5.810000 43809269.194291
5.820000 43895628.554592
5.830000 43982004.036198
5.840000 44068395.603635
5.850000 44154803.221558
5.860000 44241226.854752
5.870000 44327666.468134
5.880000 44414122.026747
5.890000 44500593.495764
5.900000 44587080.840486
5.910000 44673584.026340
5.920000 44760103.018880
5.930000 44846637.783784
5.940000 44933188.286856
5.950000 45019754.494025
5.960000 45106336.371343
5.970000 45192933.884983
5.980000 45279547.001243
5.990000 45366175.686541
6.000000 45452819.907417
6.010000 45539479.630531
6.020000 45626154.822663
6.030000 45712845.450711
6.040000 45799551.481693
6.050000 45886272.882744
6.060000 45973009.621116
6.070000 46059761.664179
6.080000 46146528.979419
6.090000 46233311.534435
6.100000 46320109.296944
6.110000 46406922.234775
6.120000 46493750.315873
6.130000 46580593.508295
6.140000 46667451.780210
6.150000 46754325.099899
6.160000 46841213.435756
6.170000 46928116.756285
6.180000 47015035.030101
6.190000 47101968.225926
6.200000 47188916.312595
6.210000 47275879.259050
6.220000 47362857.034340
6.230000 47449849.607625
6.240000 47536856.948168
6.250000 47623879.025341
6.260000 47710915.808622
6.270000 47797967.267594
6.280000 47885033.371945
6.290000 47972114.091468
6.300000 48059209.396058
6.310000 48146319.255716
6.320000 48233443.640545
6.330000 48320582.520751
6.340000 48407735.866639
6.350000 48494903.648620
6.360000 48582085.837203
6.370000 48669282.402999
6.380000 48756493.316716
6.390000 48843718.549166
6.400000 48930958.071256
6.410000 49018211.853995
6.420000 49105479.868487
6.430000 49192762.085935
6.440000 49280058.477640
6.450000 49367369.014999
6.460000 49454693.669503
6.470000 49542032.412743
6.480000 49629385.216403
6.490000 49716752.052260
6.500000 49804132.892189
6.510000 49891527.708157
6.520000 49978936.472224
6.530000 50066359.156545
6.540000 50153795.733367
6.550000 50241246.175027
6.560000 50328710.453956
6.570000 50416188.542677
6.580000 50503680.413801
6.590000 50591186.040033
6.600000 50678705.394166
6.610000 50766238.449082
6.620000 50853785.177753
6.630000 50941345.553242
6.640000 51028919.548696
6.650000 51116507.137354
6.660000 51204108.292541
6.670000 51291722.987669
6.680000 51379351.196237
6.690000 51466992.891829
6.700000 51554648.048119
6.710000 51642316.638862
6.720000 51729998.637900
6.730000 51817694.019162
6.740000 51905402.756657
6.750000 51993124.824483
6.760000 52080860.196817
6.770000 52168608.847922
6.780000 52256370.752143
6.790000 52344145.883910
6.800000 52431934.217730
6.810000 52519735.728197
6.820000 52607550.389983
6.830000 52695378.177842
6.840000 52783219.066611
6.850000 52871073.031203
6.860000 52958940.046614
6.870000 53046820.087919
6.880000 53134713.130272
6.890000 53222619.148907
6.900000 53310538.119133
6.910000 53398470.016342
6.920000 53486414.816001
6.930000 53574372.493655
6.940000 53662343.024925
6.950000 53750326.385512
6.960000 53838322.551190
6.970000 53926331.497812
6.980000 54014353.201304
6.990000 54102387.637670
7.000000 54190434.782988
7.010000 54278494.613410
7.020000 54366567.105164
7.030000 54454652.234551
7.040000 54542749.977947
7.050000 54630860.311801
7.060000 54718983.212634
7.070000 54807118.657041
7.080000 54895266.621690
7.090000 54983427.083320
7.100000 55071600.018743
7.110000 55159785.404842
7.120000 55247983.218572
7.130000 55336193.436957
7.140000 55424416.037095
7.150000 55512650.996151
7.160000 55600898.291362
7.170000 55689157.900035
7.180000 55777429.799545
7.190000 55865713.967338
7.200000 55954010.380926
7.210000 56042319.017894
7.220000 56130639.855890
7.230000 56218972.872635
7.240000 56307318.045914
7.250000 56395675.353582
7.260000 56484044.773559
7.270000 56572426.283833
7.280000 56660819.862459
7.290000 56749225.487558
7.300000 56837643.137315
7.310000 56926072.789984
7.320000 57014514.423882
7.330000 57102968.017393
7.340000 57191433.548964
7.350000 57279910.997108
7.360000 57368400.340402
7.370000 57456901.557487
7.380000 57545414.627067
7.390000 57633939.527911
7.400000 57722476.238851
7.410000 57811024.738781
7.420000 57899585.006659
7.430000 57988157.021504
7.440000 58076740.762398
7.450000 58165336.208487
7.460000 58253943.338975
7.470000 58342562.133130
7.480000 58431192.570280
7.490000 58519834.629815
7.500000 58608488.291185
7.510000 58697153.533900
7.520000 58785830.337532
7.530000 58874518.681711
7.540000 58963218.546127
7.550000 59051929.910530
7.560000 59140652.754731
7.570000 59229387.058596
7.580000 59318132.802052
7.590000 59406889.965085
7.600000 59495658.527739
7.610000 59584438.470115
7.620000 59673229.772373
7.630000 59762032.414729
7.640000 59850846.377458
7.650000 59939671.640891
7.660000 60028508.185417
7.670000 60117355.991480
7.680000 60206215.039581
7.690000 60295085.310279
7.700000 60383966.784185
7.710000 60472859.441970
7.720000 60561763.264358
7.730000 60650678.232129
7.740000 60739604.326117
7.750000 60828541.527213
7.760000 60917489.816360
7.770000 61006449.174557
7.780000 61095419.582858
7.790000 61184401.022368
7.800000 61273393.474249
7.810000 61362396.919714
7.820000 61451411.340032
7.830000 61540436.716522
7.840000 61629473.030558
7.850000 61718520.263565
7.860000 61807578.397023
7.870000 61896647.412463
7.880000 61985727.291466
7.890000 62074818.015668
7.900000 62163919.566756
7.910000 62253031.926466
7.920000 62342155.076588
7.930000 62431288.998963
7.940000 62520433.675480
7.950000 62609589.088082
7.960000 62698755.218761
7.970000 62787932.049559
7.980000 62877119.562568
7.990000 62966317.739930
8.000000 63055526.563838
8.010000 63144746.016532
8.020000 63233976.080303
8.030000 63323216.737491
8.040000 63412467.970485
8.050000 63501729.761721
8.060000 63591002.093686
8.070000 63680284.948913
8.080000 63769578.309986
8.090000 63858882.159533
8.100000 63948196.480233
8.110000 64037521.254812
8.120000 64126856.466043
8.130000 64216202.096746
8.140000 64305558.129788
8.150000 64394924.548083
8.160000 64484301.334592
8.170000 64573688.472323
8.180000 64663085.944329
8.190000 64752493.733709
8.200000 64841911.823611
8.210000 64931340.197224
8.220000 65020778.837787
8.230000 65110227.728582
8.240000 65199686.852937
8.250000 65289156.194225
8.260000 65378635.735864
8.270000 65468125.461316
8.280000 65557625.354090
8.290000 65647135.397737
8.300000 65736655.575852
8.310000 65826185.872077
8.320000 65915726.270094
8.330000 66005276.753633
8.340000 66094837.306464
8.350000 66184407.912403
8.360000 66273988.555306
8.370000 66363579.219077
8.380000 66453179.887659
8.390000 66542790.545038
8.400000 66632411.175245
8.410000 66722041.762352
8.420000 66811682.290473
8.430000 66901332.743765
8.440000 66990993.106426
8.450000 67080663.362697
8.460000 67170343.496860
8.470000 67260033.493238
8.480000 67349733.336198
8.490000 67439443.010144
8.500000 67529162.499525
8.510000 67618891.788829
8.520000 67708630.862584
8.530000 67798379.705361
8.540000 67888138.301769
8.550000 67977906.636460
8.560000 68067684.694124
8.570000 68157472.459491
8.580000 68247269.917333
8.590000 68337077.052459
8.600000 68426893.849720
8.610000 68516720.294005
8.620000 68606556.370243
8.630000 68696402.063402
8.640000 68786257.358488
8.650000 68876122.240547
8.660000 68965996.694664
8.670000 69055880.705963
8.680000 69145774.259604
8.690000 69235677.340788
8.700000 69325589.934753
8.710000 69415512.026774
8.720000 69505443.602167
8.730000 69595384.646282
8.740000 69685335.144510
8.750000 69775295.082277
8.760000 69865264.445047
8.770000 69955243.218323
8.780000 70045231.387643
8.790000 70135228.938582
8.800000 70225235.856754
8.810000 70315252.127806
8.820000 70405277.737426
8.830000 70495312.671334
8.840000 70585356.915291
8.850000 70675410.455089
8.860000 70765473.276561
8.870000 70855545.365573
8.880000 70945626.708027
8.890000 71035717.289862
8.900000 71125817.097050
8.910000 71215926.115602
8.920000 71306044.331561
8.930000 71396171.731008
8.940000 71486308.300057
8.950000 71576454.024856
8.960000 71666608.891592
8.970000 71756772.886483
8.980000 71846945.995781
8.990000 71937128.205776
9.000000 72027319.502790
9.010000 72117519.873179
9.020000 72207729.303334
9.030000 72297947.779680
9.040000 72388175.288674
9.050000 72478411.816809
9.060000 72568657.350610
9.070000 72658911.876638
9.080000 72749175.381484
9.090000 72839447.851774
9.100000 72929729.274167
9.110000 73020019.635356
9.120000 73110318.922064
9.130000 73200627.121050
9.140000 73290944.219105
9.150000 73381270.203050
9.160000 73471605.059742
9.170000 73561948.776068
9.180000 73652301.338948
9.190000 73742662.735335
9.200000 73833032.952211
9.210000 73923411.976594
9.220000 74013799.795532
9.230000 74104196.396103
9.240000 74194601.765418
9.250000 74285015.890621
9.260000 74375438.758885
9.270000 74465870.357415
9.280000 74556310.673448
9.290000 74646759.694251
9.300000 74737217.407122
9.310000 74827683.799390
9.320000 74918158.858415
9.330000 75008642.571587
9.340000 75099134.926328
9.350000 75189635.910089
9.360000 75280145.510351
9.370000 75370663.714627
9.380000 75461190.510458
9.390000 75551725.885416
9.400000 75642269.827104
9.410000 75732822.323153
9.420000 75823383.361224
9.430000 75913952.929009
9.440000 76004531.014227
9.450000 76095117.604630
9.460000 76185712.687995
9.470000 76276316.252132
9.480000 76366928.284879
9.490000 76457548.774101
9.500000 76548177.707694
9.510000 76638815.073582
9.520000 76729460.859720
9.530000 76820115.054087
9.540000 76910777.644695
9.550000 77001448.619581
9.560000 77092127.966814
9.570000 77182815.674488
9.580000 77273511.730726
9.590000 77364216.123681
9.600000 77454928.841531
9.610000 77545649.872484
9.620000 77636379.204775
9.630000 77727116.826666
9.640000 77817862.726449
9.650000 77908616.892440
9.660000 77999379.312986
9.670000 78090149.976459
9.680000 78180928.871259
9.690000 78271715.985813
9.700000 78362511.308575
9.710000 78453314.828026
9.720000 78544126.532674
9.730000 78634946.411054
9.740000 78725774.451728
9.750000 78816610.643283
9.760000 78907454.974335
9.770000 78998307.433524
9.780000 79089168.009518
9.790000 79180036.691010
9.800000 79270913.466722
9.810000 79361798.325398
9.820000 79452691.255811
9.830000 79543592.246759
9.840000 79634501.287066
9.850000 79725418.365581
9.860000 79816343.471181
9.870000 79907276.592765
9.880000 79998217.719261
9.890000 80089166.839620
9.900000 80180123.942821
9.910000 80271089.017864
9.920000 80362062.053779
9.930000 80453043.039618
9.940000 80544031.964459
9.950000 80635028.817405
9.960000 80726033.587584
9.970000 80817046.264149
9.980000 80908066.836277
9.990000 80999095.293169
10.000000 81090131.624053
