0.000000 0.000000
0.010000 41100.425429
0.020000 83282.446646
0.030000 126511.667870
0.040000 170752.830635
0.050000 215970.019054
0.060000 262126.856148
0.070000 309186.699453
0.080000 357112.838962
0.090000 405868.696727
0.100000 455418.025012
0.110000 505725.098590
0.120000 556754.896340
0.130000 608473.267609
0.140000 660847.079520
0.150000 713844.342437
0.160000 767434.311925
0.170000 821587.566634
0.180000 876276.062543
0.190000 931473.164795
0.200000 987153.659011
0.210000 1043293.744354
0.220000 1099871.010899
0.230000 1156864.403894
0.240000 1214254.177506
0.250000 1272021.840449
0.260000 1330150.095718
0.270000 1388622.776391
0.280000 1447424.779184
0.290000 1506541.997196
0.300000 1565961.253012
0.310000 1625670.233080
0.320000 1685657.424104
0.330000 1745912.051967
0.340000 1806424.023563
0.350000 1867183.871778
0.360000 1928182.703756
0.370000 1989412.152478
0.380000 2050864.331656
0.390000 2112531.793838
0.400000 2174407.491634
0.410000 2236484.741909
0.420000 2298757.192794
0.430000 2361218.793343
0.440000 2423863.765667
0.450000 2486686.579377
0.460000 2549681.928165
0.470000 2612844.708373
0.480000 2676169.999379
0.490000 2739653.045675
0.500000 2803289.240498
0.510000 2867074.110888
0.520000 2931003.304050
0.530000 2995072.574943
0.540000 3059277.774970
0.550000 3123614.841702
0.560000 3188079.789554
0.570000 3252668.701340
0.580000 3317377.720652
0.590000 3382203.044995
0.600000 3447140.919643
0.610000 3512187.632158
0.620000 3577339.507541
0.630000 3642592.903979
0.640000 3707944.209158
0.650000 3773389.837100
0.660000 3838926.225531
0.670000 3904549.833719
0.680000 3970257.140796
0.690000 4036044.644522
0.700000 4101908.860485
0.710000 4167846.321726
0.720000 4233853.578755
0.730000 4299927.199967
0.740000 4366063.772422
0.750000 4432259.902991
0.760000 4498512.219843
0.770000 4564817.374257
0.780000 4631172.042755
0.790000 4697572.929520
0.800000 4764016.769093
0.810000 4830500.329338
0.820000 4897020.414628
0.830000 4963573.869262
0.840000 5030157.581070
0.850000 5096768.485187
0.860000 5163403.567983
0.870000 5230059.871102
0.880000 5296734.495608
0.890000 5363424.606191
0.900000 5430127.435425
0.910000 5496840.288027
0.920000 5563560.545117
0.930000 5630285.668424
0.940000 5697013.204436
0.950000 5763740.788448
0.960000 5830466.148487
0.970000 5897187.109101
0.980000 5963901.594964
0.990000 6030607.634306
1.000000 6097303.362110
1.010000 6163987.023093
1.020000 6230656.974423
1.030000 6297311.688181
1.040000 6363949.753532
1.050000 6430569.878616
1.060000 6497170.892129
1.070000 6563751.744605
1.080000 6630311.509378
1.090000 6696849.383241
1.100000 6763364.686775
1.110000 6829856.864384
1.120000 6896325.484003
1.130000 6962770.236520
1.140000 7029190.934891
1.150000 7095587.512973
1.160000 7161960.024087
1.170000 7228308.639308
1.180000 7294633.645516
1.190000 7360935.443207
1.200000 7427214.544081
1.210000 7493471.568433
1.220000 7559707.242349
1.230000 7625922.394736
1.240000 7692117.954194
1.250000 7758294.945752
1.260000 7824454.487480
1.270000 7890597.787003
1.280000 7956726.137919
1.290000 8022840.916148
1.300000 8088943.576222
1.310000 8155035.647532
1.320000 8221118.730546
1.330000 8287194.493012
1.340000 8353264.666149
1.350000 8419331.040856
1.360000 8485395.463934
1.370000 8551459.834330
1.380000 8617526.099431
1.390000 8683596.251387
1.400000 8749672.323499
1.410000 8815756.386657
1.420000 8881850.545849
1.430000 8947956.936730
1.440000 9014077.722275
1.450000 9080215.089501
1.460000 9146371.246272
1.470000 9212548.418186
1.480000 9278748.845547
1.490000 9344974.780418
1.500000 9411228.483765
1.510000 9477512.222686
1.520000 9543828.267725
1.530000 9610178.890269
1.540000 9676566.360039
1.550000 9742992.942658
1.560000 9809460.897304
1.570000 9875972.474443
1.580000 9942529.913648
1.590000 10009135.441489
1.600000 10075791.269504
1.610000 10142499.592246
1.620000 10209262.585398
1.630000 10276082.403962
1.640000 10342961.180519
1.650000 10409901.023551
1.660000 10476904.015834
1.670000 10543972.212888
1.680000 10611107.641493
1.690000 10678312.298261
1.700000 10745588.148273
1.710000 10812937.123760
1.720000 10880361.122853
1.730000 10947862.008376
1.740000 11015441.606694
1.750000 11083101.706617
1.760000 11150844.058345
1.770000 11218670.372467
1.780000 11286582.319010
1.790000 11354581.526531
1.800000 11422669.581258
1.810000 11490848.026274
1.820000 11559118.360753
1.830000 11627482.039234
1.840000 11695940.470944
1.850000 11764495.019166
1.860000 11833147.000648
1.870000 11901897.685064
1.880000 11970748.294511
1.890000 12039700.003056
1.900000 12108753.936328
1.910000 12177911.171151
1.920000 12247172.735232
1.930000 12316539.606878
1.940000 12386012.714777
1.950000 12455592.937814
1.960000 12525281.104935
1.970000 12595077.995059
1.980000 12664984.337038
1.990000 12735000.809663
2.000000 12805128.041713
2.010000 12875366.612060
2.020000 12945717.049812
2.030000 13016179.834510
2.040000 13086755.396371
2.050000 13157444.116576
2.060000 13228246.327604
2.070000 13299162.313619
2.080000 13370192.310898
2.090000 13441336.508304
2.100000 13512595.047809
2.110000 13583968.025056
2.120000 13655455.489971
2.130000 13727057.447414
2.140000 13798773.857870
2.150000 13870604.638186
2.160000 13942549.662347
2.170000 14014608.762284
2.180000 14086781.728727
2.190000 14159068.312093
2.200000 14231468.223400
2.210000 14303981.135223
2.220000 14376606.682674
2.230000 14449344.464416
2.240000 14522194.043699
2.250000 14595154.949426
2.260000 14668226.677236
2.270000 14741408.690613
2.280000 14814700.422013
2.290000 14888101.274003
2.300000 14961610.620422
2.310000 15035227.807549
2.320000 15108952.155279
2.330000 15182782.958316
2.340000 15256719.487362
2.350000 15330760.990312
2.360000 15404906.693453
2.370000 15479155.802662
2.380000 15553507.504595
2.390000 15627960.967879
2.400000 15702515.344291
2.410000 15777169.769928
2.420000 15851923.366372
2.430000 15926775.241833
2.440000 16001724.492285
2.450000 16076770.202583
2.460000 16151911.447557
2.470000 16227147.293097
2.480000 16302476.797209
2.490000 16377899.011048
2.500000 16453412.979936
2.510000 16529017.744344
2.520000 16604712.340857
2.530000 16680495.803111
2.540000 16756367.162697
2.550000 16832325.450043
2.560000 16908369.695264
2.570000 16984498.928983
2.580000 17060712.183123
2.590000 17137008.491668
2.600000 17213386.891391
2.610000 17289846.422559
2.620000 17366386.129594
2.630000 17443005.061719
2.640000 17519702.273559
2.650000 17596476.825720
2.660000 17673327.785333
2.670000 17750254.226574
2.680000 17827255.231144
2.690000 17904329.888728
2.700000 17981477.297423
2.710000 18058696.564134
2.720000 18135986.804948
2.730000 18213347.145472
2.740000 18290776.721155
2.750000 18368274.677576
2.760000 18445840.170705
2.770000 18523472.367151
2.780000 18601170.444370
2.790000 18678933.590863
2.800000 18756761.006345
2.810000 18834651.901894
2.820000 18912605.500077
2.830000 18990621.035060
2.840000 19068697.752699
2.850000 19146834.910603
2.860000 19225031.778196
2.870000 19303287.636744
2.880000 19381601.779382
2.890000 19459973.511115
2.900000 19538402.148808
2.910000 19616887.021166
2.920000 19695427.468694
2.930000 19774022.843649
2.940000 19852672.509985
2.950000 19931375.843276
2.960000 20010132.230638
2.970000 20088941.070642
2.980000 20167801.773210
2.990000 20246713.759514
3.000000 20325676.461858
3.010000 20404689.323557
3.020000 20483751.798813
3.030000 20562863.352579
3.040000 20642023.460423
3.050000 20721231.608383
3.060000 20800487.292823
3.070000 20879790.020278
3.080000 20959139.307304
3.090000 21038534.680318
3.100000 21117975.675440
3.110000 21197461.838333
3.120000 21276992.724035
3.130000 21356567.896799
3.140000 21436186.929925
3.150000 21515849.405595
3.160000 21595554.914703
3.170000 21675303.056691
3.180000 21755093.439381
3.190000 21834925.678806
3.200000 21914799.399046
3.210000 21994714.232064
3.220000 22074669.817536
3.230000 22154665.802692
3.240000 22234701.842150
3.250000 22314777.597759
3.260000 22394892.738438
3.270000 22475046.940015
3.280000 22555239.885076
3.290000 22635471.262808
3.300000 22715740.768847
3.310000 22796048.105129
3.320000 22876392.979742
3.330000 22956775.106777
3.340000 23037194.206192
3.350000 23117650.003664
3.360000 23198142.230451
3.370000 23278670.623261
3.380000 23359234.924111
3.390000 23439834.880203
3.400000 23520470.243788
3.410000 23601140.772044
3.420000 23681846.226952
3.430000 23762586.375172
3.440000 23843360.987927
3.450000 23924169.840885
3.460000 24005012.714044
3.470000 24085889.391626
3.480000 24166799.661962
3.490000 24247743.317386
3.500000 24328720.154136
3.510000 24409729.972249
3.520000 24490772.575460
3.530000 24571847.771110
3.540000 24652955.370046
3.550000 24734095.186535
3.560000 24815267.038167
3.570000 24896470.745775
3.580000 24977706.133342
3.590000 25058973.027923
3.600000 25140271.259562
3.610000 25221600.661214
3.620000 25302961.068665
3.630000 25384352.320461
3.640000 25465774.257830
3.650000 25547226.724619
3.660000 25628709.567214
3.670000 25710222.634483
3.680000 25791765.777703
3.690000 25873338.850502
3.700000 25954941.708793
3.710000 26036574.210714
3.720000 26118236.216572
3.730000 26199927.588785
3.740000 26281648.191827
3.750000 26363397.892170
3.760000 26445176.558239
3.770000 26526984.060356
3.780000 26608820.270693
3.790000 26690685.063222
3.800000 26772578.313671
3.810000 26854499.899476
3.820000 26936449.699741
3.830000 27018427.595191
3.840000 27100433.468132
3.850000 27182467.202414
3.860000 27264528.683386
3.870000 27346617.797866
3.880000 27428734.434094
3.890000 27510878.481707
3.900000 27593049.831695
3.910000 27675248.376376
3.920000 27757474.009356
3.930000 27839726.625500
3.940000 27922006.120904
3.950000 28004312.392862
3.960000 28086645.339836
3.970000 28169004.861431
3.980000 28251390.858367
3.990000 28333803.232451
4.000000 28416241.886553
4.010000 28498706.724579
4.020000 28581197.651451
4.030000 28663714.573077
4.040000 28746257.396334
4.050000 28828826.029045
4.060000 28911420.379955
4.070000 28994040.358711
4.080000 29076685.875844
4.090000 29159356.842747
4.100000 29242053.171658
4.110000 29324774.775638
4.120000 29407521.568559
4.130000 29490293.465080
4.140000 29573090.380636
4.150000 29655912.231416
4.160000 29738758.934352
4.170000 29821630.407103
4.180000 29904526.568035
4.190000 29987447.336214
4.200000 30070392.631386
4.210000 30153362.373964
4.220000 30236356.485020
4.230000 30319374.886265
4.240000 30402417.500040
4.250000 30485484.249305
4.260000 30568575.057624
4.270000 30651689.849157
4.280000 30734828.548644
4.290000 30817991.081401
4.300000 30901177.373302
4.310000 30984387.350775
4.320000 31067620.940789
4.330000 31150878.070843
4.340000 31234158.668960
4.350000 31317462.663676
4.360000 31400789.984032
4.370000 31484140.559565
4.380000 31567514.320296
4.390000 31650911.196731
4.400000 31734331.119841
4.410000 31817774.021067
4.420000 31901239.832301
4.430000 31984728.485886
4.440000 32068239.914606
4.450000 32151774.051682
4.460000 32235330.830759
4.470000 32318910.185907
4.480000 32402512.051610
4.490000 32486136.362761
4.500000 32569783.054655
4.510000 32653452.062986
4.520000 32737143.323836
4.530000 32820856.773677
4.540000 32904592.349357
4.550000 32988349.988102
4.560000 33072129.627506
4.570000 33155931.205529
4.580000 33239754.660490
4.590000 33323599.931062
4.600000 33407466.956271
4.610000 33491355.675487
4.620000 33575266.028421
4.630000 33659197.955123
4.640000 33743151.395972
4.650000 33827126.291680
4.660000 33911122.583281
4.670000 33995140.212130
4.680000 34079179.119900
4.690000 34163239.248575
4.700000 34247320.540449
4.710000 34331422.938124
4.720000 34415546.384502
4.730000 34499690.822783
4.740000 34583856.196465
4.750000 34668042.449338
4.760000 34752249.525478
4.770000 34836477.369250
4.780000 34920725.925301
4.790000 35004995.138558
4.800000 35089284.954223
4.810000 35173595.317775
4.820000 35257926.174962
4.830000 35342277.471801
4.840000 35426649.154574
4.850000 35511041.169828
4.860000 35595453.464370
4.870000 35679885.985263
4.880000 35764338.679826
4.890000 35848811.495634
4.900000 35933304.380509
4.910000 36017817.282523
4.920000 36102350.149994
4.930000 36186902.931482
4.940000 36271475.575791
4.950000 36356068.031963
4.960000 36440680.249278
4.970000 36525312.177249
4.980000 36609963.765624
4.990000 36694634.964382
5.000000 36779325.723729
5.010000 36864035.994102
5.020000 36948765.726159
5.030000 37033514.870783
5.040000 37118283.379079
5.050000 37203071.202370
5.060000 37287878.292199
5.070000 37372704.600323
5.080000 37457550.078715
5.090000 37542414.679558
5.100000 37627298.355249
5.110000 37712201.058392
5.120000 37797122.741800
5.130000 37882063.358492
5.140000 37967022.861691
5.150000 38052001.204822
5.160000 38136998.341513
5.170000 38222014.225590
5.180000 38307048.811081
5.190000 38392102.052206
5.200000 38477173.903385
5.210000 38562264.319229
5.220000 38647373.254543
5.230000 38732500.664322
5.240000 38817646.503754
5.250000 38902810.728212
5.260000 38987993.293258
5.270000 39073194.154640
5.280000 39158413.268290
5.290000 39243650.590325
5.300000 39328906.077041
5.310000 39414179.684918
5.320000 39499471.370615
5.330000 39584781.090967
5.340000 39670108.802990
5.350000 39755454.463873
5.360000 39840818.030982
5.370000 39926199.461855
5.380000 40011598.714205
5.390000 40097015.745913
5.400000 40182450.515034
5.410000 40267902.979791
5.420000 40353373.098574
5.430000 40438860.829941
5.440000 40524366.132617
5.450000 40609888.965490
5.460000 40695429.287615
5.470000 40780987.058206
5.480000 40866562.236643
5.490000 40952154.782464
5.500000 41037764.655369
5.510000 41123391.815216
5.520000 41209036.222020
5.530000 41294697.835954
5.540000 41380376.617349
5.550000 41466072.526688
5.560000 41551785.524610
5.570000 41637515.571907
5.580000 41723262.629523
5.590000 41809026.658555
5.600000 41894807.620248
5.610000 41980605.475998
5.620000 42066420.187351
5.630000 42152251.716000
5.640000 42238100.023784
5.650000 42323965.072691
5.660000 42409846.824851
5.670000 42495745.242541
5.680000 42581660.288181
5.690000 42667591.924334
5.700000 42753540.113706
5.710000 42839504.819142
5.720000 42925486.003629
5.730000 43011483.630295
5.740000 43097497.662405
5.750000 43183528.063362
5.760000 43269574.796707
5.770000 43355637.826119
5.780000 43441717.115411
5.790000 43527812.628532
5.800000 43613924.329565
5.810000 43700052.182726
5.820000 43786196.152366
5.830000 43872356.202965
5.840000 43958532.299138
5.850000 44044724.405628
5.860000 44130932.487310
5.870000 44217156.509186
5.880000 44303396.436390
5.890000 44389652.234180
5.900000 44475923.867944
5.910000 44562211.303196
5.920000 44648514.505576
5.930000 44734833.440848
5.940000 44821168.074903
5.950000 44907518.373753
5.960000 44993884.303536
5.970000 45080265.830510
5.980000 45166662.921057
5.990000 45253075.541680
6.000000 45339503.659002
6.010000 45425947.239766
6.020000 45512406.250836
6.030000 45598880.659193
6.040000 45685370.431937
6.050000 45771875.536286
6.060000 45858395.939574
6.070000 45944931.609251
6.080000 46031482.512886
6.090000 46118048.618159
6.100000 46204629.892868
6.110000 46291226.304923
6.120000 46377837.822348
6.130000 46464464.413280
6.140000 46551106.045968
6.150000 46637762.688773
6.160000 46724434.310169
6.170000 46811120.878736
6.180000 46897822.363169
6.190000 46984538.732270
6.200000 47071269.954950
6.210000 47158016.000230
6.220000 47244776.837236
6.230000 47331552.435204
6.240000 47418342.763476
6.250000 47505147.791500
6.260000 47591967.488830
6.270000 47678801.825125
6.280000 47765650.770150
6.290000 47852514.293772
6.300000 47939392.365963
6.310000 48026284.956799
6.320000 48113192.036457
6.330000 48200113.575217
6.340000 48287049.543460
6.350000 48373999.911671
6.360000 48460964.650431
6.370000 48547943.730426
6.380000 48634937.122438
6.390000 48721944.797350
6.400000 48808966.726145
6.410000 48896002.879901
6.420000 48983053.229797
6.430000 49070117.747107
6.440000 49157196.403204
6.450000 49244289.169556
6.460000 49331396.017727
6.470000 49418516.919378
6.480000 49505651.846263
6.490000 49592800.770232
6.500000 49679963.663229
6.510000 49767140.497291
6.520000 49854331.244549
6.530000 49941535.877227
6.540000 50028754.367640
6.550000 50115986.688197
6.560000 50203232.811397
6.570000 50290492.709832
6.580000 50377766.356181
6.590000 50465053.723217
6.600000 50552354.783801
6.610000 50639669.510885
6.620000 50726997.877507
6.630000 50814339.856797
6.640000 50901695.421972
6.650000 50989064.546334
6.660000 51076447.203278
6.670000 51163843.366280
6.680000 51251253.008907
6.690000 51338676.104810
6.700000 51426112.627726
6.710000 51513562.551478
6.720000 51601025.849974
6.730000 51688502.497206
6.740000 51775992.467251
6.750000 51863495.734268
6.760000 51951012.272502
6.770000 52038542.056279
6.780000 52126085.060010
6.790000 52213641.258185
6.800000 52301210.625379
6.810000 52388793.136248
6.820000 52476388.765527
6.830000 52563997.488034
6.840000 52651619.278667
6.850000 52739254.112405
6.860000 52826901.964305
6.870000 52914562.809504
6.880000 53002236.623219
6.890000 53089923.380745
6.900000 53177623.057454
6.910000 53265335.628799
6.920000 53353061.070308
6.930000 53440799.357588
6.940000 53528550.466322
6.950000 53616314.372269
6.960000 53704091.051267
6.970000 53791880.479226
6.980000 53879682.632135
6.990000 53967497.486057
7.000000 54055325.017129
7.010000 54143165.201564
7.020000 54231018.015650
7.030000 54318883.435747
7.040000 54406761.438289
7.050000 54494651.999784
7.060000 54582555.096812
7.070000 54670470.706029
7.080000 54758398.804158
7.090000 54846339.367998
7.100000 54934292.374420
7.110000 55022257.800362
7.120000 55110235.622839
7.130000 55198225.818932
7.140000 55286228.365796
7.150000 55374243.240654
7.160000 55462270.420799
7.170000 55550309.883595
7.180000 55638361.606473
7.190000 55726425.566937
7.200000 55814501.742555
7.210000 55902590.110967
7.220000 55990690.649878
7.230000 56078803.337065
7.240000 56166928.150367
7.250000 56255065.067696
7.260000 56343214.067027
7.270000 56431375.126403
7.280000 56519548.223934
7.290000 56607733.337795
7.300000 56695930.446227
7.310000 56784139.527537
7.320000 56872360.560097
7.330000 56960593.522345
7.340000 57048838.392783
7.350000 57137095.149976
7.360000 57225363.772555
7.370000 57313644.239216
7.380000 57401936.528715
7.390000 57490240.619874
7.400000 57578556.491579
7.410000 57666884.122775
7.420000 57755223.492475
7.430000 57843574.579749
7.440000 57931937.363733
7.450000 58020311.823623
7.460000 58108697.938676
7.470000 58197095.688213
7.480000 58285505.051612
7.490000 58373926.008315
7.500000 58462358.537824
7.510000 58550802.619701
7.520000 58639258.233567
7.530000 58727725.359105
7.540000 58816203.976055
7.550000 58904694.064218
7.560000 58993195.603455
7.570000 59081708.573682
7.580000 59170232.954879
7.590000 59258768.727079
7.600000 59347315.870377
7.610000 59435874.364923
7.620000 59524444.190928
7.630000 59613025.328658
7.640000 59701617.758436
7.650000 59790221.460642
7.660000 59878836.415715
7.670000 59967462.604148
7.680000 60056100.006491
7.690000 60144748.603351
7.700000 60233408.375388
7.710000 60322079.303321
7.720000 60410761.367922
7.730000 60499454.550019
7.740000 60588158.830496
7.750000 60676874.190289
7.760000 60765600.610390
7.770000 60854338.071847
7.780000 60943086.555759
7.790000 61031846.043280
7.800000 61120616.515618
7.810000 61209397.954034
7.820000 61298190.339843
7.830000 61386993.654411
7.840000 61475807.879159
7.850000 61564632.995559
7.860000 61653468.985136
7.870000 61742315.829468
7.880000 61831173.510182
7.890000 61920042.008960
7.900000 62008921.307535
7.910000 62097811.387689
7.920000 62186712.231257
7.930000 62275623.820124
7.940000 62364546.136228
7.950000 62453479.161555
7.960000 62542422.878141
7.970000 62631377.268075
7.980000 62720342.313493
7.990000 62809317.996582
8.000000 62898304.299578
8.010000 62987301.204768
8.020000 63076308.694486
8.030000 63165326.751117
8.040000 63254355.357092
8.050000 63343394.494893
8.060000 63432444.147050
8.070000 63521504.296140
8.080000 63610574.924790
8.090000 63699656.015673
8.100000 63788747.551510
8.110000 63877849.515071
8.120000 63966961.889171
8.130000 64056084.656674
8.140000 64145217.800489
8.150000 64234361.303575
8.160000 64323515.148933
8.170000 64412679.319614
8.180000 64501853.798715
8.190000 64591038.569377
8.200000 64680233.614787
8.210000 64769438.918181
8.220000 64858654.462837
8.230000 64947880.232079
8.240000 65037116.209277
8.250000 65126362.377845
8.260000 65215618.721245
8.270000 65304885.222978
8.280000 65394161.866595
8.290000 65483448.635687
8.300000 65572745.513893
8.310000 65662052.484893
8.320000 65751369.532412
8.330000 65840696.640218
8.340000 65930033.792125
8.350000 66019380.971986
8.360000 66108738.163702
8.370000 66198105.351212
8.380000 66287482.518502
8.390000 66376869.649599
8.400000 66466266.728572
8.410000 66555673.739534
8.420000 66645090.666639
8.430000 66734517.494082
8.440000 66823954.206102
8.450000 66913400.786979
8.460000 67002857.221035
8.470000 67092323.492632
8.480000 67181799.586175
8.490000 67271285.486108
8.500000 67360781.176919
8.510000 67450286.643134
8.520000 67539801.869321
8.530000 67629326.840088
8.540000 67718861.540085
8.550000 67808405.954000
8.560000 67897960.066562
8.570000 67987523.862540
8.580000 68077097.326743
8.590000 68166680.444020
8.600000 68256273.199257
8.610000 68345875.577383
8.620000 68435487.563364
8.630000 68525109.142205
8.640000 68614740.298951
8.650000 68704381.018685
8.660000 68794031.286528
8.670000 68883691.087643
8.680000 68973360.407226
8.690000 69063039.230515
8.700000 69152727.542786
8.710000 69242425.329350
8.720000 69332132.575560
8.730000 69421849.266803
8.740000 69511575.388505
8.750000 69601310.926131
8.760000 69691055.865180
8.770000 69780810.191191
8.780000 69870573.889738
8.790000 69960346.946434
8.800000 70050129.346926
8.810000 70139921.076900
8.820000 70229722.122077
8.830000 70319532.468216
8.840000 70409352.101111
8.850000 70499181.006591
8.860000 70589019.170523
8.870000 70678866.578809
8.880000 70768723.217387
8.890000 70858589.072230
8.900000 70948464.129347
8.910000 71038348.374782
8.920000 71128241.794614
8.930000 71218144.374959
8.940000 71308056.101964
8.950000 71397976.961815
8.960000 71487906.940730
8.970000 71577846.024963
8.980000 71667794.200802
8.990000 71757751.454570
9.000000 71847717.772622
9.010000 71937693.141349
9.020000 72027677.547177
9.030000 72117670.976563
9.040000 72207673.416000
9.050000 72297684.852014
9.060000 72387705.271164
9.070000 72477734.660044
9.080000 72567773.005279
9.090000 72657820.293528
9.100000 72747876.511484
9.110000 72837941.645873
9.120000 72928015.683452
9.130000 73018098.611012
9.140000 73108190.415376
9.150000 73198291.083402
9.160000 73288400.601976
9.170000 73378518.958019
9.180000 73468646.138485
9.190000 73558782.130357
9.200000 73648926.920653
9.210000 73739080.496421
9.220000 73829242.844741
9.230000 73919413.952725
9.240000 74009593.807517
9.250000 74099782.396291
9.260000 74189979.706253
9.270000 74280185.724640
9.280000 74370400.438720
9.290000 74460623.835794
9.300000 74550855.903190
9.310000 74641096.628269
9.320000 74731345.998424
9.330000 74821604.001076
9.340000 74911870.623677
9.350000 75002145.853710
9.360000 75092429.678688
9.370000 75182722.086155
9.380000 75273023.063684
9.390000 75363332.598877
9.400000 75453650.679368
9.410000 75543977.292819
9.420000 75634312.426923
9.430000 75724656.069401
9.440000 75815008.208004
9.450000 75905368.830514
9.460000 75995737.924740
9.470000 76086115.478521
9.480000 76176501.479725
9.490000 76266895.916250
9.500000 76357298.776019
9.510000 76447710.046989
9.520000 76538129.717143
9.530000 76628557.774492
9.540000 76718994.207076
9.550000 76809439.002964
9.560000 76899892.150253
9.570000 76990353.637068
9.580000 77080823.451562
9.590000 77171301.581915
9.600000 77261788.016338
9.610000 77352282.743067
9.620000 77442785.750367
9.630000 77533297.026529
9.640000 77623816.559873
9.650000 77714344.338747
9.660000 77804880.351524
9.670000 77895424.586608
9.680000 77985977.032426
9.690000 78076537.677435
9.700000 78167106.510117
9.710000 78257683.518984
9.720000 78348268.692570
9.730000 78438862.019441
9.740000 78529463.488185
9.750000 78620073.087421
9.760000 78710690.805790
9.770000 78801316.631963
9.780000 78891950.554635
9.790000 78982592.562528
9.800000 79073242.644392
9.810000 79163900.788999
9.820000 79254566.985150
9.830000 79345241.221671
9.840000 79435923.487415
9.850000 79526613.771258
9.860000 79617312.062104
9.870000 79708018.348882
9.880000 79798732.620545
9.890000 79889454.866074
9.900000 79980185.074474
9.910000 80070923.234775
9.920000 80161669.336031
9.930000 80252423.367323
9.940000 80343185.317757
9.950000 80433955.176463
9.960000 80524732.932596
9.970000 80615518.575335
9.980000 80706312.093885
9.990000 80797113.477476
10.000000 80887922.715359
