0.000000 0.001000
-0.006907 0.000993
-0.013814 0.000986
-0.020721 0.000979
-0.027628 0.000972
-0.034535 0.000965
-0.041442 0.000958
-0.048349 0.000950
-0.055256 0.000943
-0.062163 0.000936
-0.069070 0.000928
-0.075977 0.000921
-0.082884 0.000913
-0.089791 0.000906
-0.096698 0.000898
-0.103605 0.000891
-0.110512 0.000883
-0.117419 0.000875
-0.124326 0.000867
-0.131233 0.000860
-0.138140 0.000852
-0.145047 0.000844
-0.151954 0.000836
-0.158861 0.000828
-0.165768 0.000820
-0.172675 0.000812
-0.179582 0.000804
-0.186489 0.000795
-0.193396 0.000787
-0.200303 0.000779
-0.207210 0.000771
-0.214117 0.000762
-0.221024 0.000754
-0.227931 0.000746
-0.234838 0.000737
-0.241745 0.000729
-0.248652 0.000720
-0.255559 0.000712
-0.262466 0.000703
-0.269373 0.000695
-0.276280 0.000686
-0.283187 0.000678
-0.290094 0.000669
-0.297001 0.000660
-0.303908 0.000652
-0.310815 0.000643
-0.317722 0.000634
-0.324629 0.000626
-0.331536 0.000617
-0.338443 0.000608
-0.345350 0.000599
-0.352257 0.000591
-0.359164 0.000582
-0.366071 0.000573
-0.372978 0.000564
-0.379885 0.000555
-0.386792 0.000547
-0.393699 0.000538
-0.400606 0.000529
-0.407513 0.000520
-0.414420 0.000512
-0.421327 0.000503
-0.428234 0.000494
-0.435141 0.000486
-0.442048 0.000477
-0.448955 0.000468
-0.455862 0.000460
-0.462769 0.000451
-0.469676 0.000442
-0.476583 0.000434
-0.483490 0.000425
-0.490397 0.000417
-0.497304 0.000408
-0.504211 0.000400
-0.511118 0.000391
-0.518025 0.000383
-0.524932 0.000375
-0.531839 0.000367
-0.538746 0.000358
-0.545653 0.000350
-0.552560 0.000342
-0.559467 0.000334
-0.566374 0.000326
-0.573281 0.000318
-0.580188 0.000310
-0.587095 0.000303
-0.594002 0.000295
-0.600909 0.000287
-0.607816 0.000280
-0.614723 0.000272
-0.621630 0.000265
-0.628537 0.000258
-0.635444 0.000250
-0.642351 0.000243
-0.649258 0.000236
-0.656165 0.000229
-0.663072 0.000223
-0.669979 0.000216
-0.676886 0.000209
-0.683793 0.000203
-0.690700 0.000196
-0.697607 0.000190
-0.704514 0.000183
-0.711421 0.000177
-0.718328 0.000171
-0.725235 0.000165
-0.732142 0.000160
-0.739049 0.000154
-0.745956 0.000148
-0.752863 0.000143
-0.759770 0.000137
-0.766677 0.000132
-0.773584 0.000127
-0.780491 0.000122
-0.787398 0.000117
-0.794305 0.000112
-0.801212 0.000108
-0.808119 0.000103
-0.815026 0.000099
-0.821933 0.000094
-0.828840 0.000090
-0.835747 0.000086
-0.842654 0.000082
-0.849561 0.000078
-0.856468 0.000075
-0.863375 0.000071
-0.870282 0.000068
-0.877189 0.000064
-0.884096 0.000061
-0.891003 0.000058
-0.897910 0.000055
-0.904817 0.000052
-0.911724 0.000049
-0.918631 0.000047
-0.925538 0.000044
-0.932445 0.000042
-0.939352 0.000039
-0.946259 0.000037
-0.953166 0.000035
-0.960073 0.000033
-0.966980 0.000031
-0.973887 0.000029
-0.980794 0.000027
-0.987701 0.000026
-0.994608 0.000024
-1.001515 0.000023
-1.008422 0.000021
-1.015329 0.000020
-1.022236 0.000018
-1.029143 0.000017
-1.036050 0.000016
-1.042957 0.000015
-1.049864 0.000014
-1.056771 0.000013
-1.063678 0.000012
-1.070585 0.000012
-1.077492 0.000011
-1.084399 0.000010
-1.091306 0.000009
-1.098213 0.000009
-1.105120 0.000008
-1.112027 0.000008
-1.118934 0.000007
-1.125841 0.000007
-1.132748 0.000006
-1.139655 0.000006
-1.146562 0.000006
-1.153469 0.000005
-1.160376 0.000005
-1.167283 0.000005
-1.174190 0.000005
-1.181097 0.000004
-1.188004 0.000004
-1.194911 0.000004
-1.201818 0.000004
-1.208725 0.000004
-1.215632 0.000004
-1.222539 0.000004
-1.229446 0.000004
-1.236353 0.000004
-1.243260 0.000003
-1.250167 0.000003
-1.257074 0.000003
-1.263981 0.000003
-1.270888 0.000003
-1.277795 0.000003
-1.284702 0.000003
-1.291609 0.000003
-1.298516 0.000003
-1.305423 0.000003
-1.312330 0.000003
-1.319237 0.000003
-1.326144 0.000003
-1.333051 0.000003
-1.339958 0.000003
-1.346865 0.000003
-1.353772 0.000003
-1.360679 0.000003
-1.367586 0.000003
-1.374493 0.000003
-1.381400 0.000003
-1.388307 0.000003
-1.395214 0.000003
-1.402121 0.000003
-1.409028 0.000003
-1.415935 0.000004
-1.422842 0.000004
-1.429749 0.000004
-1.436656 0.000004
-1.443563 0.000004
-1.450470 0.000004
-1.457377 0.000004
-1.464284 0.000004
-1.471191 0.000004
-1.478098 0.000004
-1.485005 0.000004
-1.491912 0.000004
-1.498819 0.000004
-1.505726 0.000004
-1.512633 0.000004
-1.519540 0.000004
-1.526447 0.000004
-1.533354 0.000004
-1.540261 0.000004
-1.547168 0.000004
-1.554075 0.000004
-1.560982 0.000004
-1.567889 0.000004
-1.574796 0.000004
-1.581703 0.000004
-1.588610 0.000004
-1.595517 0.000004
-1.602424 0.000004
-1.609331 0.000004
-1.616238 0.000004
-1.623145 0.000004
-1.630052 0.000004
-1.636959 0.000004
-1.643866 0.000004
-1.650773 0.000004
-1.657680 0.000004
-1.664587 0.000005
-1.671494 0.000005
-1.678401 0.000005
-1.685308 0.000005
-1.692215 0.000005
-1.699122 0.000005
-1.706029 0.000005
-1.712936 0.000005
-1.719843 0.000005
-1.726750 0.000005
-1.733657 0.000005
-1.740564 0.000005
-1.747471 0.000005
-1.754378 0.000005
-1.761285 0.000005
-1.768192 0.000005
-1.775099 0.000005
-1.782006 0.000005
-1.788913 0.000005
-1.795820 0.000005
-1.802727 0.000005
-1.809634 0.000005
-1.816541 0.000005
-1.823448 0.000005
-1.830355 0.000005
-1.837262 0.000005
-1.844169 0.000005
-1.851076 0.000005
-1.857983 0.000005
-1.864890 0.000006
-1.871797 0.000006
-1.878704 0.000006
-1.885611 0.000006
-1.892518 0.000006
-1.899425 0.000006
-1.906332 0.000006
-1.913239 0.000006
-1.920146 0.000006
-1.927053 0.000006
-1.933960 0.000006
-1.940867 0.000006
-1.947774 0.000006
-1.954681 0.000006
-1.961588 0.000006
-1.968495 0.000006
-1.975402 0.000006
-1.982309 0.000006
-1.989216 0.000006
-1.996123 0.000006
-2.003030 0.000006
-2.009937 0.000006
-2.016844 0.000006
-2.023751 0.000006
-2.030658 0.000007
-2.037565 0.000007
-2.044472 0.000007
-2.051379 0.000007
-2.058286 0.000007
-2.065193 0.000007
-2.072100 0.000007
-2.079007 0.000007
-2.085914 0.000007
-2.092821 0.000007
-2.099728 0.000007
-2.106635 0.000007
-2.113542 0.000007
-2.120449 0.000007
-2.127356 0.000007
-2.134263 0.000007
-2.141170 0.000007
-2.148077 0.000007
-2.154984 0.000007
-2.161891 0.000007
-2.168798 0.000007
-2.175705 0.000008
-2.182612 0.000008
-2.189519 0.000008
-2.196426 0.000008
-2.203333 0.000008
-2.210240 0.000008
-2.217147 0.000008
-2.224054 0.000008
-2.230961 0.000008
-2.237868 0.000008
-2.244775 0.000008
-2.251682 0.000008
-2.258589 0.000008
-2.265496 0.000008
-2.272403 0.000008
-2.279310 0.000008
-2.286217 0.000008
-2.293124 0.000008
-2.300031 0.000009
-2.306938 0.000009
-2.313845 0.000009
-2.320752 0.000009
-2.327659 0.000009
-2.334566 0.000009
-2.341473 0.000009
-2.348380 0.000009
-2.355287 0.000009
-2.362194 0.000009
-2.369101 0.000009
-2.376008 0.000009
-2.382915 0.000009
-2.389822 0.000009
-2.396729 0.000009
-2.403636 0.000009
-2.410543 0.000006
-2.417450 -0.000018
-2.424357 -0.000205
-2.431264 -0.001816
-2.438171 -0.017041
-2.445078 -0.174903
-2.451985 -1.970341
-2.458892 -24.370493
-2.465799 -330.932750
-2.472706 -4933.146489
-2.479613 -80718.021414
-2.486520 -1449544.232190
-2.493427 -28566581.254562
-2.500334 -617734068.710780
-2.507241 -14655863550.287617
-2.514148 -381449875535.176570
-2.521055 -10890028753763.396000
-2.527962 -340984842689469.750000
-2.534869 -11708585945009904.000000
-2.541776 -440844933653611780.000000
-2.548683 -18198179152546927000.000000
-2.555590 -823529815951442710000.000000
-2.562497 -40849683458647910000000.000000
-2.569404 -2220776138545928200000000.000000
-2.576311 -132305055750934580000000000.000000
-2.583218 -8636796011739235500000000000.000000
-2.590125 -617707128315693840000000000000.000000
-2.597032 -48396689172289930000000000000000.000000
-2.603939 -4153377059060249300000000000000000.000000
-2.610846 -390381793355152430000000000000000000.000000
-2.617753 -40181886024688242000000000000000000000.000000
-2.624660 -4528704725976310700000000000000000000000.000000
-2.631567 -558819137493042790000000000000000000000000.000000
-2.638474 -75487158039415976000000000000000000000000000.000000
-2.645381 -11161709237271519000000000000000000000000000000.000000
-2.652288 -1806324543801037500000000000000000000000000000000.000000
-2.659195 -319904450901935320000000000000000000000000000000000.000000
-2.666102 -61994981984821621000000000000000000000000000000000000.000000
-2.673009 -13144899100902879000000000000000000000000000000000000000.000000
-2.679916 -3049127105040011000000000000000000000000000000000000000000.000000
-2.686823 -773686173851135150000000000000000000000000000000000000000000.000000
-2.693730 -214723245424458200000000000000000000000000000000000000000000000.000000
-2.700637 -65173718911446176000000000000000000000000000000000000000000000000.000000
-2.707544 -21632159174390393000000000000000000000000000000000000000000000000000.000000
-2.714451 -7850843151670113600000000000000000000000000000000000000000000000000000.000000
-2.721358 -3115138547481486700000000000000000000000000000000000000000000000000000000.000000
-2.728265 -1351260488650019800000000000000000000000000000000000000000000000000000000000.000000
-2.735172 -640704670023963790000000000000000000000000000000000000000000000000000000000000.000000
-2.742079 -332040231218327720000000000000000000000000000000000000000000000000000000000000000.000000
-2.748986 -188059334325778410000000000000000000000000000000000000000000000000000000000000000000.000000
-2.755893 -116393378156713600000000000000000000000000000000000000000000000000000000000000000000000.000000
-2.762800 -78713483301607356000000000000000000000000000000000000000000000000000000000000000000000000.000000
-2.769707 -58158905753686648000000000000000000000000000000000000000000000000000000000000000000000000000.000000
-2.776614 -46944939955879049000000000000000000000000000000000000000000000000000000000000000000000000000000.000000
-2.783521 -41392963426365826000000000000000000000000000000000000000000000000000000000000000000000000000000000.000000
-2.790428 -39864801419125648000000000000000000000000000000000000000000000000000000000000000000000000000000000000.000000
-2.797335 -41931336682574568000000000000000000000000000000000000000000000000000000000000000000000000000000000000000.000000
-2.804242 -48165377790826439000000000000000000000000000000000000000000000000000000000000000000000000000000000000000000.000000
-2.811149 -60414338769275728000000000000000000000000000000000000000000000000000000000000000000000000000000000000000000000.000000
-2.818056 -82740089756064348000000000000000000000000000000000000000000000000000000000000000000000000000000000000000000000000.000000
-2.824963 -123715881737697370000000000000000000000000000000000000000000000000000000000000000000000000000000000000000000000000000.000000
-2.831870 -201944260421685830000000000000000000000000000000000000000000000000000000000000000000000000000000000000000000000000000000.000000
-2.838777 -359830307256225920000000000000000000000000000000000000000000000000000000000000000000000000000000000000000000000000000000000.000000
-2.845684 -699822965788044510000000000000000000000000000000000000000000000000000000000000000000000000000000000000000000000000000000000000.000000
-2.852591 -1485482064081196900000000000000000000000000000000000000000000000000000000000000000000000000000000000000000000000000000000000000000.000000
-2.859498 -3441124905292956900000000000000000000000000000000000000000000000000000000000000000000000000000000000000000000000000000000000000000000.000000
-2.866405 -8698668474245512000000000000000000000000000000000000000000000000000000000000000000000000000000000000000000000000000000000000000000000000.000000
-2.873312 -23993325084818325000000000000000000000000000000000000000000000000000000000000000000000000000000000000000000000000000000000000000000000000000.000000
-2.880219 -72207098558559036000000000000000000000000000000000000000000000000000000000000000000000000000000000000000000000000000000000000000000000000000000.000000
-2.887126 -237076282107326340000000000000000000000000000000000000000000000000000000000000000000000000000000000000000000000000000000000000000000000000000000000.000000
-2.894033 -849146290824935610000000000000000000000000000000000000000000000000000000000000000000000000000000000000000000000000000000000000000000000000000000000000.000000
-2.900940 -3317653572739113700000000000000000000000000000000000000000000000000000000000000000000000000000000000000000000000000000000000000000000000000000000000000000.000000
-2.907847 -14138458138919557000000000000000000000000000000000000000000000000000000000000000000000000000000000000000000000000000000000000000000000000000000000000000000000.000000
-2.914754 -65714986011482156000000000000000000000000000000000000000000000000000000000000000000000000000000000000000000000000000000000000000000000000000000000000000000000000.000000
-2.921661 -333109845795781070000000000000000000000000000000000000000000000000000000000000000000000000000000000000000000000000000000000000000000000000000000000000000000000000000.000000
-2.928568 -1841369688351347900000000000000000000000000000000000000000000000000000000000000000000000000000000000000000000000000000000000000000000000000000000000000000000000000000000.000000
-2.935475 -11099290877722338000000000000000000000000000000000000000000000000000000000000000000000000000000000000000000000000000000000000000000000000000000000000000000000000000000000000.000000
-2.942382 -72949263216440155000000000000000000000000000000000000000000000000000000000000000000000000000000000000000000000000000000000000000000000000000000000000000000000000000000000000000.000000
-2.949289 -522744155348665110000000000000000000000000000000000000000000000000000000000000000000000000000000000000000000000000000000000000000000000000000000000000000000000000000000000000000000.000000
-2.956196 -4083867823343355900000000000000000000000000000000000000000000000000000000000000000000000000000000000000000000000000000000000000000000000000000000000000000000000000000000000000000000000.000000
-2.963103 -34780870639183198000000000000000000000000000000000000000000000000000000000000000000000000000000000000000000000000000000000000000000000000000000000000000000000000000000000000000000000000000.000000
-2.970010 -322899972929079710000000000000000000000000000000000000000000000000000000000000000000000000000000000000000000000000000000000000000000000000000000000000000000000000000000000000000000000000000000.000000
-2.976917 -3267588082072326800000000000000000000000000000000000000000000000000000000000000000000000000000000000000000000000000000000000000000000000000000000000000000000000000000000000000000000000000000000000.000000
-2.983824 -36040575431543469000000000000000000000000000000000000000000000000000000000000000000000000000000000000000000000000000000000000000000000000000000000000000000000000000000000000000000000000000000000000000.000000
-2.990731 -433246499003397650000000000000000000000000000000000000000000000000000000000000000000000000000000000000000000000000000000000000000000000000000000000000000000000000000000000000000000000000000000000000000000.000000
-2.997638 -5675858779244106800000000000000000000000000000000000000000000000000000000000000000000000000000000000000000000000000000000000000000000000000000000000000000000000000000000000000000000000000000000000000000000000.000000
-3.004545 -81031884348932991000000000000000000000000000000000000000000000000000000000000000000000000000000000000000000000000000000000000000000000000000000000000000000000000000000000000000000000000000000000000000000000000000.000000
-3.011452 -1260617161424441700000000000000000000000000000000000000000000000000000000000000000000000000000000000000000000000000000000000000000000000000000000000000000000000000000000000000000000000000000000000000000000000000000000.000000
-3.018359 -21369231671959790000000000000000000000000000000000000000000000000000000000000000000000000000000000000000000000000000000000000000000000000000000000000000000000000000000000000000000000000000000000000000000000000000000000000.000000
-3.025266 -394683453921153980000000000000000000000000000000000000000000000000000000000000000000000000000000000000000000000000000000000000000000000000000000000000000000000000000000000000000000000000000000000000000000000000000000000000000.000000
-3.032173 -7942177014162914900000000000000000000000000000000000000000000000000000000000000000000000000000000000000000000000000000000000000000000000000000000000000000000000000000000000000000000000000000000000000000000000000000000000000000000.000000
-3.039080 -174115543597141910000000000000000000000000000000000000000000000000000000000000000000000000000000000000000000000000000000000000000000000000000000000000000000000000000000000000000000000000000000000000000000000000000000000000000000000000.000000
-3.045987 -4158339717003840600000000000000000000000000000000000000000000000000000000000000000000000000000000000000000000000000000000000000000000000000000000000000000000000000000000000000000000000000000000000000000000000000000000000000000000000000000.000000
-3.052894 -108184321623369440000000000000000000000000000000000000000000000000000000000000000000000000000000000000000000000000000000000000000000000000000000000000000000000000000000000000000000000000000000000000000000000000000000000000000000000000000000000.000000
-3.059801 -3065833054468221400000000000000000000000000000000000000000000000000000000000000000000000000000000000000000000000000000000000000000000000000000000000000000000000000000000000000000000000000000000000000000000000000000000000000000000000000000000000000.000000
-3.066708 -94634775210585095000000000000000000000000000000000000000000000000000000000000000000000000000000000000000000000000000000000000000000000000000000000000000000000000000000000000000000000000000000000000000000000000000000000000000000000000000000000000000000.000000
-3.073615 -3181630343085931700000000000000000000000000000000000000000000000000000000000000000000000000000000000000000000000000000000000000000000000000000000000000000000000000000000000000000000000000000000000000000000000000000000000000000000000000000000000000000000000.000000
-3.080522 -116499591900651750000000000000000000000000000000000000000000000000000000000000000000000000000000000000000000000000000000000000000000000000000000000000000000000000000000000000000000000000000000000000000000000000000000000000000000000000000000000000000000000000000.000000
-3.087429 -4645732292183381100000000000000000000000000000000000000000000000000000000000000000000000000000000000000000000000000000000000000000000000000000000000000000000000000000000000000000000000000000000000000000000000000000000000000000000000000000000000000000000000000000000.000000
-3.094336 -201752433714257090000000000000000000000000000000000000000000000000000000000000000000000000000000000000000000000000000000000000000000000000000000000000000000000000000000000000000000000000000000000000000000000000000000000000000000000000000000000000000000000000000000000000.000000
-3.101243 -9541096762354411000000000000000000000000000000000000000000000000000000000000000000000000000000000000000000000000000000000000000000000000000000000000000000000000000000000000000000000000000000000000000000000000000000000000000000000000000000000000000000000000000000000000000000.000000
-3.108150 -491329879386740120000000000000000000000000000000000000000000000000000000000000000000000000000000000000000000000000000000000000000000000000000000000000000000000000000000000000000000000000000000000000000000000000000000000000000000000000000000000000000000000000000000000000000000000.000000
-3.115057 -27550164515274349000000000000000000000000000000000000000000000000000000000000000000000000000000000000000000000000000000000000000000000000000000000000000000000000000000000000000000000000000000000000000000000000000000000000000000000000000000000000000000000000000000000000000000000000000.000000
-3.121964 -1682025176516005200000000000000000000000000000000000000000000000000000000000000000000000000000000000000000000000000000000000000000000000000000000000000000000000000000000000000000000000000000000000000000000000000000000000000000000000000000000000000000000000000000000000000000000000000000000.000000
-3.128871 -111809711850077580000000000000000000000000000000000000000000000000000000000000000000000000000000000000000000000000000000000000000000000000000000000000000000000000000000000000000000000000000000000000000000000000000000000000000000000000000000000000000000000000000000000000000000000000000000000000.000000
-3.135778 -8091836576491947300000000000000000000000000000000000000000000000000000000000000000000000000000000000000000000000000000000000000000000000000000000000000000000000000000000000000000000000000000000000000000000000000000000000000000000000000000000000000000000000000000000000000000000000000000000000000000.000000
-3.142685 -637554538443126350000000000000000000000000000000000000000000000000000000000000000000000000000000000000000000000000000000000000000000000000000000000000000000000000000000000000000000000000000000000000000000000000000000000000000000000000000000000000000000000000000000000000000000000000000000000000000000000.000000
-3.149592 -1.#IND00
-3.156499 -1.#IND00
-3.163406 -1.#IND00
-3.170313 -1.#IND00
-3.177220 -1.#IND00
-3.184127 -1.#IND00
-3.191034 -1.#IND00
-3.197941 -1.#IND00
-3.204848 -1.#IND00
-3.211755 -1.#IND00
-3.218662 -1.#IND00
-3.225569 -1.#IND00
-3.232476 -1.#IND00
-3.239383 -1.#IND00
-3.246290 -1.#IND00
-3.253197 -1.#IND00
-3.260104 -1.#IND00
-3.267011 -1.#IND00
-3.273918 -1.#IND00
-3.280825 -1.#IND00
-3.287732 -1.#IND00
-3.294639 -1.#IND00
-3.301546 -1.#IND00
-3.308453 -1.#IND00
-3.315360 -1.#IND00
-3.322267 -1.#IND00
-3.329174 -1.#IND00
-3.336081 -1.#IND00
-3.342988 -1.#IND00
-3.349895 -1.#IND00
-3.356802 -1.#IND00
-3.363709 -1.#IND00
-3.370616 -1.#IND00
-3.377523 -1.#IND00
-3.384430 -1.#IND00
-3.391337 -1.#IND00
-3.398244 -1.#IND00
-3.405151 -1.#IND00
-3.412058 -1.#IND00
-3.418965 -1.#IND00
-3.425872 -1.#IND00
-3.432779 -1.#IND00
-3.439686 -1.#IND00
-3.446593 -1.#IND00
-3.453500 -1.#IND00
-3.460407 -1.#IND00
-3.467314 -1.#IND00
-3.474221 -1.#IND00
-3.481128 -1.#IND00
-3.488035 -1.#IND00
-3.494942 -1.#IND00
-3.501849 -1.#IND00
-3.508756 -1.#IND00
-3.515663 -1.#IND00
-3.522570 -1.#IND00
-3.529477 -1.#IND00
-3.536384 -1.#IND00
-3.543291 -1.#IND00
-3.550198 -1.#IND00
-3.557105 -1.#IND00
-3.564012 -1.#IND00
-3.570919 -1.#IND00
-3.577826 -1.#IND00
-3.584733 -1.#IND00
-3.591640 -1.#IND00
-3.598547 -1.#IND00
-3.605454 -1.#IND00
-3.612361 -1.#IND00
-3.619268 -1.#IND00
-3.626175 -1.#IND00
-3.633082 -1.#IND00
-3.639989 -1.#IND00
-3.646896 -1.#IND00
-3.653803 -1.#IND00
-3.660710 -1.#IND00
-3.667617 -1.#IND00
-3.674524 -1.#IND00
-3.681431 -1.#IND00
-3.688338 -1.#IND00
-3.695245 -1.#IND00
-3.702152 -1.#IND00
-3.709059 -1.#IND00
-3.715966 -1.#IND00
-3.722873 -1.#IND00
-3.729780 -1.#IND00
-3.736687 -1.#IND00
-3.743594 -1.#IND00
-3.750501 -1.#IND00
-3.757408 -1.#IND00
-3.764315 -1.#IND00
-3.771222 -1.#IND00
-3.778129 -1.#IND00
-3.785036 -1.#IND00
-3.791943 -1.#IND00
-3.798850 -1.#IND00
-3.805757 -1.#IND00
-3.812664 -1.#IND00
-3.819571 -1.#IND00
-3.826478 -1.#IND00
-3.833385 -1.#IND00
-3.840292 -1.#IND00
-3.847199 -1.#IND00
-3.854106 -1.#IND00
-3.861013 -1.#IND00
-3.867920 -1.#IND00
-3.874827 -1.#IND00
-3.881734 -1.#IND00
-3.888641 -1.#IND00
-3.895548 -1.#IND00
-3.902455 -1.#IND00
-3.909362 -1.#IND00
-3.916269 -1.#IND00
-3.923176 -1.#IND00
-3.930083 -1.#IND00
-3.936990 -1.#IND00
-3.943897 -1.#IND00
-3.950804 -1.#IND00
-3.957711 -1.#IND00
-3.964618 -1.#IND00
-3.971525 -1.#IND00
-3.978432 -1.#IND00
-3.985339 -1.#IND00
-3.992246 -1.#IND00
-3.999153 -1.#IND00
-4.006060 -1.#IND00
-4.012967 -1.#IND00
-4.019874 -1.#IND00
-4.026781 -1.#IND00
-4.033688 -1.#IND00
-4.040595 -1.#IND00
-4.047502 -1.#IND00
-4.054409 -1.#IND00
-4.061316 -1.#IND00
-4.068223 -1.#IND00
-4.075130 -1.#IND00
-4.082037 -1.#IND00
-4.088944 -1.#IND00
-4.095851 -1.#IND00
-4.102758 -1.#IND00
-4.109665 -1.#IND00
-4.116572 -1.#IND00
-4.123479 -1.#IND00
-4.130386 -1.#IND00
-4.137293 -1.#IND00
-4.144200 -1.#IND00
-4.151107 -1.#IND00
-4.158014 -1.#IND00
-4.164921 -1.#IND00
-4.171828 -1.#IND00
-4.178735 -1.#IND00
-4.185642 -1.#IND00
-4.192549 -1.#IND00
-4.199456 -1.#IND00
-4.206363 -1.#IND00
-4.213270 -1.#IND00
-4.220177 -1.#IND00
-4.227084 -1.#IND00
-4.233991 -1.#IND00
-4.240898 -1.#IND00
-4.247805 -1.#IND00
-4.254712 -1.#IND00
-4.261619 -1.#IND00
-4.268526 -1.#IND00
-4.275433 -1.#IND00
-4.282340 -1.#IND00
-4.289247 -1.#IND00
-4.296154 -1.#IND00
-4.303061 -1.#IND00
-4.309968 -1.#IND00
-4.316875 -1.#IND00
-4.323782 -1.#IND00
-4.330689 -1.#IND00
-4.337596 -1.#IND00
-4.344503 -1.#IND00
-4.351410 -1.#IND00
-4.358317 -1.#IND00
-4.365224 -1.#IND00
-4.372131 -1.#IND00
-4.379038 -1.#IND00
-4.385945 -1.#IND00
-4.392852 -1.#IND00
-4.399759 -1.#IND00
-4.406666 -1.#IND00
-4.413573 -1.#IND00
-4.420480 -1.#IND00
-4.427387 -1.#IND00
-4.434294 -1.#IND00
-4.441201 -1.#IND00
-4.448108 -1.#IND00
-4.455015 -1.#IND00
-4.461922 -1.#IND00
-4.468829 -1.#IND00
-4.475736 -1.#IND00
-4.482643 -1.#IND00
-4.489550 -1.#IND00
-4.496457 -1.#IND00
-4.503364 -1.#IND00
-4.510271 -1.#IND00
-4.517178 -1.#IND00
-4.524085 -1.#IND00
-4.530992 -1.#IND00
-4.537899 -1.#IND00
-4.544806 -1.#IND00
-4.551713 -1.#IND00
-4.558620 -1.#IND00
-4.565527 -1.#IND00
-4.572434 -1.#IND00
-4.579341 -1.#IND00
-4.586248 -1.#IND00
-4.593155 -1.#IND00
-4.600062 -1.#IND00
-4.606969 -1.#IND00
-4.613876 -1.#IND00
-4.620783 -1.#IND00
-4.627690 -1.#IND00
-4.634597 -1.#IND00
-4.641504 -1.#IND00
-4.648411 -1.#IND00
-4.655318 -1.#IND00
-4.662225 -1.#IND00
-4.669132 -1.#IND00
-4.676039 -1.#IND00
-4.682946 -1.#IND00
-4.689853 -1.#IND00
-4.696760 -1.#IND00
-4.703667 -1.#IND00
-4.710574 -1.#IND00
-4.717481 -1.#IND00
-4.724388 -1.#IND00
-4.731295 -1.#IND00
-4.738202 -1.#IND00
-4.745109 -1.#IND00
-4.752016 -1.#IND00
-4.758923 -1.#IND00
-4.765830 -1.#IND00
-4.772737 -1.#IND00
-4.779644 -1.#IND00
-4.786551 -1.#IND00
-4.793458 -1.#IND00
-4.800365 -1.#IND00
-4.807272 -1.#IND00
-4.814179 -1.#IND00
-4.821086 -1.#IND00
-4.827993 -1.#IND00
-4.834900 -1.#IND00
-4.841807 -1.#IND00
-4.848714 -1.#IND00
-4.855621 -1.#IND00
-4.862528 -1.#IND00
-4.869435 -1.#IND00
-4.876342 -1.#IND00
-4.883249 -1.#IND00
-4.890156 -1.#IND00
-4.897063 -1.#IND00
-4.903970 -1.#IND00
-4.910877 -1.#IND00
-4.917784 -1.#IND00
-4.924691 -1.#IND00
-4.931598 -1.#IND00
-4.938505 -1.#IND00
-4.945412 -1.#IND00
-4.952319 -1.#IND00
-4.959226 -1.#IND00
-4.966133 -1.#IND00
-4.973040 -1.#IND00
-4.979947 -1.#IND00
-4.986854 -1.#IND00
-4.993761 -1.#IND00
-5.000668 -1.#IND00
-5.007575 -1.#IND00
-5.014482 -1.#IND00
-5.021389 -1.#IND00
-5.028296 -1.#IND00
-5.035203 -1.#IND00
-5.042110 -1.#IND00
-5.049017 -1.#IND00
-5.055924 -1.#IND00
-5.062831 -1.#IND00
-5.069738 -1.#IND00
-5.076645 -1.#IND00
-5.083552 -1.#IND00
-5.090459 -1.#IND00
-5.097366 -1.#IND00
-5.104273 -1.#IND00
-5.111180 -1.#IND00
-5.118087 -1.#IND00
-5.124994 -1.#IND00
-5.131901 -1.#IND00
-5.138808 -1.#IND00
-5.145715 -1.#IND00
-5.152622 -1.#IND00
-5.159529 -1.#IND00
-5.166436 -1.#IND00
-5.173343 -1.#IND00
-5.180250 -1.#IND00
-5.187157 -1.#IND00
-5.194064 -1.#IND00
-5.200971 -1.#IND00
-5.207878 -1.#IND00
-5.214785 -1.#IND00
-5.221692 -1.#IND00
-5.228599 -1.#IND00
-5.235506 -1.#IND00
-5.242413 -1.#IND00
-5.249320 -1.#IND00
-5.256227 -1.#IND00
-5.263134 -1.#IND00
-5.270041 -1.#IND00
-5.276948 -1.#IND00
-5.283855 -1.#IND00
-5.290762 -1.#IND00
-5.297669 -1.#IND00
-5.304576 -1.#IND00
-5.311483 -1.#IND00
-5.318390 -1.#IND00
-5.325297 -1.#IND00
-5.332204 -1.#IND00
-5.339111 -1.#IND00
-5.346018 -1.#IND00
-5.352925 -1.#IND00
-5.359832 -1.#IND00
-5.366739 -1.#IND00
-5.373646 -1.#IND00
-5.380553 -1.#IND00
-5.387460 -1.#IND00
-5.394367 -1.#IND00
-5.401274 -1.#IND00
-5.408181 -1.#IND00
-5.415088 -1.#IND00
-5.421995 -1.#IND00
-5.428902 -1.#IND00
-5.435809 -1.#IND00
-5.442716 -1.#IND00
-5.449623 -1.#IND00
-5.456530 -1.#IND00
-5.463437 -1.#IND00
-5.470344 -1.#IND00
-5.477251 -1.#IND00
-5.484158 -1.#IND00
-5.491065 -1.#IND00
-5.497972 -1.#IND00
-5.504879 -1.#IND00
-5.511786 -1.#IND00
-5.518693 -1.#IND00
-5.525600 -1.#IND00
-5.532507 -1.#IND00
-5.539414 -1.#IND00
-5.546321 -1.#IND00
-5.553228 -1.#IND00
-5.560135 -1.#IND00
-5.567042 -1.#IND00
-5.573949 -1.#IND00
-5.580856 -1.#IND00
-5.587763 -1.#IND00
-5.594670 -1.#IND00
-5.601577 -1.#IND00
-5.608484 -1.#IND00
-5.615391 -1.#IND00
-5.622298 -1.#IND00
-5.629205 -1.#IND00
-5.636112 -1.#IND00
-5.643019 -1.#IND00
-5.649926 -1.#IND00
-5.656833 -1.#IND00
-5.663740 -1.#IND00
-5.670647 -1.#IND00
-5.677554 -1.#IND00
-5.684461 -1.#IND00
-5.691368 -1.#IND00
-5.698275 -1.#IND00
-5.705182 -1.#IND00
-5.712089 -1.#IND00
-5.718996 -1.#IND00
-5.725903 -1.#IND00
-5.732810 -1.#IND00
-5.739717 -1.#IND00
-5.746624 -1.#IND00
-5.753531 -1.#IND00
-5.760438 -1.#IND00
-5.767345 -1.#IND00
-5.774252 -1.#IND00
-5.781159 -1.#IND00
-5.788066 -1.#IND00
-5.794973 -1.#IND00
-5.801880 -1.#IND00
-5.808787 -1.#IND00
-5.815694 -1.#IND00
-5.822601 -1.#IND00
-5.829508 -1.#IND00
-5.836415 -1.#IND00
-5.843322 -1.#IND00
-5.850229 -1.#IND00
-5.857136 -1.#IND00
-5.864043 -1.#IND00
-5.870950 -1.#IND00
-5.877857 -1.#IND00
-5.884764 -1.#IND00
-5.891671 -1.#IND00
-5.898578 -1.#IND00
-5.905485 -1.#IND00
-5.912392 -1.#IND00
-5.919299 -1.#IND00
-5.926206 -1.#IND00
-5.933113 -1.#IND00
-5.940020 -1.#IND00
-5.946927 -1.#IND00
-5.953834 -1.#IND00
-5.960741 -1.#IND00
-5.967648 -1.#IND00
-5.974555 -1.#IND00
-5.981462 -1.#IND00
-5.988369 -1.#IND00
-5.995276 -1.#IND00
-6.002183 -1.#IND00
-6.009090 -1.#IND00
-6.015997 -1.#IND00
-6.022904 -1.#IND00
-6.029811 -1.#IND00
-6.036718 -1.#IND00
-6.043625 -1.#IND00
-6.050532 -1.#IND00
-6.057439 -1.#IND00
-6.064346 -1.#IND00
-6.071253 -1.#IND00
-6.078160 -1.#IND00
-6.085067 -1.#IND00
-6.091974 -1.#IND00
-6.098881 -1.#IND00
-6.105788 -1.#IND00
-6.112695 -1.#IND00
-6.119602 -1.#IND00
-6.126509 -1.#IND00
-6.133416 -1.#IND00
-6.140323 -1.#IND00
-6.147230 -1.#IND00
-6.154137 -1.#IND00
-6.161044 -1.#IND00
-6.167951 -1.#IND00
-6.174858 -1.#IND00
-6.181765 -1.#IND00
-6.188672 -1.#IND00
-6.195579 -1.#IND00
-6.202486 -1.#IND00
-6.209393 -1.#IND00
-6.216300 -1.#IND00
-6.223207 -1.#IND00
-6.230114 -1.#IND00
-6.237021 -1.#IND00
-6.243928 -1.#IND00
-6.250835 -1.#IND00
-6.257742 -1.#IND00
-6.264649 -1.#IND00
-6.271556 -1.#IND00
-6.278463 -1.#IND00
-6.285370 -1.#IND00
-6.292277 -1.#IND00
-6.299184 -1.#IND00
-6.306091 -1.#IND00
-6.312998 -1.#IND00
-6.319905 -1.#IND00
-6.326812 -1.#IND00
-6.333719 -1.#IND00
-6.340626 -1.#IND00
-6.347533 -1.#IND00
-6.354440 -1.#IND00
-6.361347 -1.#IND00
-6.368254 -1.#IND00
-6.375161 -1.#IND00
-6.382068 -1.#IND00
-6.388975 -1.#IND00
-6.395882 -1.#IND00
-6.402789 -1.#IND00
-6.409696 -1.#IND00
-6.416603 -1.#IND00
-6.423510 -1.#IND00
-6.430417 -1.#IND00
-6.437324 -1.#IND00
-6.444231 -1.#IND00
-6.451138 -1.#IND00
-6.458045 -1.#IND00
-6.464952 -1.#IND00
-6.471859 -1.#IND00
-6.478766 -1.#IND00
-6.485673 -1.#IND00
-6.492580 -1.#IND00
-6.499487 -1.#IND00
-6.506394 -1.#IND00
-6.513301 -1.#IND00
-6.520208 -1.#IND00
-6.527115 -1.#IND00
-6.534022 -1.#IND00
-6.540929 -1.#IND00
-6.547836 -1.#IND00
-6.554743 -1.#IND00
-6.561650 -1.#IND00
-6.568557 -1.#IND00
-6.575464 -1.#IND00
-6.582371 -1.#IND00
-6.589278 -1.#IND00
-6.596185 -1.#IND00
-6.603092 -1.#IND00
-6.609999 -1.#IND00
-6.616906 -1.#IND00
-6.623813 -1.#IND00
-6.630720 -1.#IND00
-6.637627 -1.#IND00
-6.644534 -1.#IND00
-6.651441 -1.#IND00
-6.658348 -1.#IND00
-6.665255 -1.#IND00
-6.672162 -1.#IND00
-6.679069 -1.#IND00
-6.685976 -1.#IND00
-6.692883 -1.#IND00
-6.699790 -1.#IND00
-6.706697 -1.#IND00
-6.713604 -1.#IND00
-6.720511 -1.#IND00
-6.727418 -1.#IND00
-6.734325 -1.#IND00
-6.741232 -1.#IND00
-6.748139 -1.#IND00
-6.755046 -1.#IND00
-6.761953 -1.#IND00
-6.768860 -1.#IND00
-6.775767 -1.#IND00
-6.782674 -1.#IND00
-6.789581 -1.#IND00
-6.796488 -1.#IND00
-6.803395 -1.#IND00
-6.810302 -1.#IND00
-6.817209 -1.#IND00
-6.824116 -1.#IND00
-6.831023 -1.#IND00
-6.837930 -1.#IND00
-6.844837 -1.#IND00
-6.851744 -1.#IND00
-6.858651 -1.#IND00
-6.865558 -1.#IND00
-6.872465 -1.#IND00
-6.879372 -1.#IND00
-6.886279 -1.#IND00
-6.893186 -1.#IND00
-6.900093 -1.#IND00
-6.907000 -1.#IND00
