0.000000 1.000000
0.001501 1.000000
0.003005 1.000000
0.004510 0.999999
0.006018 0.999998
0.007528 0.999997
0.009041 0.999996
0.010555 0.999994
0.012072 0.999992
0.013592 0.999990
0.015113 0.999988
0.016637 0.999985
0.018163 0.999983
0.019691 0.999979
0.021222 0.999976
0.022755 0.999973
0.024290 0.999969
0.025828 0.999965
0.027368 0.999960
0.028910 0.999955
0.030455 0.999951
0.032001 0.999945
0.033551 0.999940
0.035102 0.999934
0.036656 0.999928
0.038212 0.999922
0.039770 0.999915
0.041331 0.999908
0.042894 0.999901
0.044460 0.999894
0.046028 0.999886
0.047598 0.999878
0.049171 0.999870
0.050746 0.999861
0.052323 0.999853
0.053903 0.999843
0.055485 0.999834
0.057069 0.999824
0.058656 0.999814
0.060245 0.999804
0.061837 0.999793
0.063430 0.999782
0.065027 0.999771
0.066626 0.999759
0.068227 0.999747
0.069830 0.999735
0.071436 0.999723
0.073045 0.999710
0.074655 0.999697
0.076269 0.999683
0.077884 0.999669
0.079502 0.999655
0.081123 0.999641
0.082746 0.999626
0.084371 0.999611
0.085999 0.999595
0.087629 0.999579
0.089262 0.999563
0.090897 0.999546
0.092534 0.999530
0.094174 0.999512
0.095817 0.999495
0.097462 0.999477
0.099109 0.999459
0.100759 0.999440
0.102411 0.999421
0.104066 0.999402
0.105724 0.999382
0.107383 0.999362
0.109046 0.999341
0.110711 0.999321
0.112378 0.999299
0.114048 0.999278
0.115720 0.999256
0.117395 0.999234
0.119072 0.999211
0.120752 0.999188
0.122435 0.999164
0.124119 0.999140
0.125807 0.999116
0.127497 0.999092
0.129189 0.999067
0.130884 0.999041
0.132582 0.999015
0.134282 0.998989
0.135985 0.998962
0.137690 0.998935
0.139398 0.998908
0.141108 0.998880
0.142821 0.998851
0.144537 0.998823
0.146255 0.998793
0.147976 0.998764
0.149699 0.998734
0.151425 0.998703
0.153153 0.998672
0.154884 0.998641
0.156618 0.998609
0.158354 0.998577
0.160093 0.998544
0.161834 0.998511
0.163578 0.998478
0.165325 0.998444
0.167074 0.998409
0.168826 0.998374
0.170581 0.998339
0.172338 0.998303
0.174098 0.998267
0.175860 0.998230
0.177625 0.998193
0.179393 0.998155
0.181164 0.998117
0.182937 0.998078
0.184712 0.998039
0.186491 0.997999
0.188272 0.997959
0.190056 0.997918
0.191842 0.997877
0.193631 0.997835
0.195423 0.997793
0.197217 0.997750
0.199015 0.997707
0.200814 0.997663
0.202617 0.997619
0.204422 0.997574
0.206230 0.997529
0.208041 0.997483
0.209854 0.997437
0.211671 0.997390
0.213489 0.997342
0.215311 0.997294
0.217135 0.997246
0.218962 0.997197
0.220792 0.997147
0.222625 0.997097
0.224460 0.997046
0.226298 0.996995
0.228139 0.996943
0.229983 0.996890
0.231829 0.996837
0.233678 0.996784
0.235530 0.996729
0.237385 0.996675
0.239242 0.996619
0.241102 0.996563
0.242965 0.996507
0.244831 0.996449
0.246700 0.996392
0.248571 0.996333
0.250446 0.996274
0.252323 0.996215
0.254203 0.996154
0.256085 0.996093
0.257971 0.996032
0.259859 0.995970
0.261750 0.995907
0.263644 0.995844
0.265541 0.995780
0.267441 0.995715
0.269344 0.995650
0.271249 0.995584
0.273157 0.995517
0.275069 0.995449
0.276983 0.995381
0.278900 0.995313
0.280819 0.995243
0.282742 0.995173
0.284668 0.995103
0.286596 0.995031
0.288527 0.994959
0.290462 0.994886
0.292399 0.994813
0.294339 0.994738
0.296282 0.994664
0.298228 0.994588
0.300176 0.994511
0.302128 0.994434
0.304083 0.994356
0.306040 0.994278
0.308001 0.994199
0.309964 0.994118
0.311931 0.994038
0.313900 0.993956
0.315873 0.993874
0.317848 0.993791
0.319826 0.993707
0.321807 0.993622
0.323792 0.993537
0.325779 0.993450
0.327769 0.993363
0.329762 0.993275
0.331758 0.993187
0.333757 0.993097
0.335759 0.993007
0.337765 0.992916
0.339773 0.992824
0.341784 0.992731
0.343798 0.992638
0.345815 0.992543
0.347836 0.992448
0.349859 0.992352
0.351885 0.992255
0.353914 0.992157
0.355947 0.992059
0.357982 0.991959
0.360021 0.991859
0.362062 0.991757
0.364107 0.991655
0.366155 0.991552
0.368205 0.991448
0.370259 0.991343
0.372316 0.991237
0.374376 0.991131
0.376439 0.991023
0.378506 0.990914
0.380575 0.990805
0.382647 0.990694
0.384723 0.990583
0.386801 0.990470
0.388883 0.990357
0.390968 0.990243
0.393056 0.990127
0.395147 0.990011
0.397242 0.989894
0.399339 0.989776
0.401440 0.989656
0.403543 0.989536
0.405650 0.989415
0.407760 0.989292
0.409874 0.989169
0.411990 0.989045
0.414109 0.988919
0.416232 0.988793
0.418358 0.988665
0.420487 0.988537
0.422620 0.988407
0.424755 0.988276
0.426894 0.988144
0.429036 0.988011
0.431181 0.987877
0.433329 0.987742
0.435481 0.987606
0.437636 0.987469
0.439794 0.987330
0.441955 0.987190
0.444120 0.987050
0.446288 0.986908
0.448459 0.986764
0.450633 0.986620
0.452811 0.986475
0.454991 0.986328
0.457176 0.986180
0.459363 0.986031
0.461554 0.985881
0.463748 0.985729
0.465945 0.985577
0.468145 0.985423
0.470349 0.985268
0.472556 0.985111
0.474767 0.984953
0.476981 0.984794
0.479198 0.984634
0.481418 0.984473
0.483642 0.984310
0.485869 0.984146
0.488100 0.983980
0.490334 0.983813
0.492571 0.983645
0.494811 0.983476
0.497055 0.983305
0.499303 0.983133
0.501553 0.982959
0.503807 0.982784
0.506065 0.982608
0.508325 0.982430
0.510590 0.982251
0.512857 0.982071
0.515128 0.981889
0.517403 0.981705
0.519680 0.981520
0.521962 0.981334
0.524246 0.981146
0.526534 0.980957
0.528826 0.980766
0.531121 0.980574
0.533419 0.980380
0.535721 0.980185
0.538026 0.979988
0.540335 0.979790
0.542647 0.979590
0.544963 0.979388
0.547282 0.979185
0.549605 0.978980
0.551931 0.978774
0.554261 0.978566
0.556594 0.978357
0.558930 0.978145
0.561271 0.977932
0.563614 0.977718
0.565961 0.977502
0.568312 0.977284
0.570666 0.977064
0.573024 0.976843
0.575385 0.976620
0.577750 0.976395
0.580119 0.976169
0.582491 0.975941
0.584866 0.975710
0.587245 0.975479
0.589628 0.975245
0.592014 0.975010
0.594404 0.974772
0.596797 0.974533
0.599194 0.974292
0.601595 0.974049
0.603999 0.973804
0.606407 0.973558
0.608818 0.973309
0.611233 0.973059
0.613652 0.972806
0.616074 0.972552
0.618500 0.972295
0.620930 0.972037
0.623363 0.971777
0.625800 0.971514
0.628241 0.971250
0.630685 0.970983
0.633133 0.970715
0.635584 0.970444
0.638039 0.970171
0.640498 0.969896
0.642961 0.969619
0.645427 0.969340
0.647897 0.969059
0.650371 0.968775
0.652848 0.968490
0.655329 0.968202
0.657814 0.967912
0.660303 0.967619
0.662795 0.967325
0.665291 0.967028
0.667791 0.966728
0.670295 0.966427
0.672802 0.966123
0.675313 0.965816
0.677828 0.965508
0.680346 0.965196
0.682869 0.964883
0.685395 0.964567
0.687925 0.964248
0.690459 0.963927
0.692996 0.963604
0.695538 0.963278
0.698083 0.962949
0.700632 0.962618
0.703185 0.962285
0.705742 0.961948
0.708302 0.961609
0.710867 0.961268
0.713435 0.960924
0.716007 0.960577
0.718583 0.960227
0.721163 0.959875
0.723746 0.959519
0.726334 0.959161
0.728925 0.958801
0.731521 0.958437
0.734120 0.958070
0.736723 0.957701
0.739330 0.957329
0.741941 0.956954
0.744556 0.956575
0.747175 0.956194
0.749797 0.955810
0.752424 0.955423
0.755055 0.955032
0.757689 0.954639
0.760328 0.954243
0.762970 0.953843
0.765617 0.953440
0.768267 0.953034
0.770921 0.952625
0.773580 0.952212
0.776242 0.951796
0.778909 0.951377
0.781579 0.950955
0.784253 0.950529
0.786932 0.950100
0.789614 0.949667
0.792301 0.949231
0.794991 0.948791
0.797685 0.948348
0.800384 0.947901
0.803087 0.947450
0.805793 0.946996
0.808504 0.946539
0.811219 0.946077
0.813938 0.945612
0.816661 0.945143
0.819388 0.944670
0.822119 0.944194
0.824854 0.943713
0.827593 0.943229
0.830337 0.942741
0.833084 0.942248
0.835836 0.941752
0.838592 0.941252
0.841352 0.940747
0.844116 0.940238
0.846884 0.939726
0.849657 0.939209
0.852433 0.938687
0.855214 0.938162
0.857999 0.937632
0.860788 0.937097
0.863581 0.936558
0.866379 0.936015
0.869180 0.935467
0.871986 0.934915
0.874796 0.934358
0.877611 0.933796
0.880429 0.933230
0.883252 0.932658
0.886079 0.932082
0.888910 0.931502
0.891746 0.930916
0.894585 0.930325
0.897429 0.929730
0.900278 0.929129
0.903130 0.928523
0.905987 0.927912
0.908848 0.927296
0.911714 0.926675
0.914583 0.926048
0.917457 0.925416
0.920336 0.924778
0.923218 0.924135
0.926105 0.923486
0.928997 0.922832
0.931892 0.922172
0.934792 0.921507
0.937697 0.920835
0.940605 0.920158
0.943519 0.919475
0.946436 0.918786
0.949358 0.918090
0.952284 0.917389
0.955215 0.916682
0.958150 0.915968
0.961089 0.915248
0.964033 0.914522
0.966981 0.913789
0.969934 0.913049
0.972891 0.912303
0.975853 0.911551
0.978819 0.910791
0.981789 0.910025
0.984764 0.909252
0.987743 0.908472
0.990727 0.907685
0.993716 0.906891
0.996708 0.906089
0.999706 0.905280
1.002707 0.904464
1.005714 0.903641
1.008725 0.902809
1.011740 0.901971
1.014760 0.901124
1.017784 0.900270
1.020813 0.899407
1.023847 0.898537
1.026885 0.897659
1.029927 0.896772
1.032975 0.895877
1.036026 0.894974
1.039083 0.894062
1.042144 0.893142
1.045209 0.892213
1.048279 0.891275
1.051354 0.890328
1.054433 0.889372
1.057517 0.888407
1.060606 0.887433
1.063699 0.886449
1.066797 0.885456
1.069899 0.884454
1.073007 0.883441
1.076118 0.882419
1.079235 0.881387
1.082356 0.880345
1.085482 0.879292
1.088613 0.878229
1.091748 0.877156
1.094888 0.876072
1.098032 0.874977
1.101182 0.873872
1.104336 0.872755
1.107495 0.871628
1.110659 0.870488
1.113827 0.869338
1.117000 0.868176
1.120178 0.867002
1.123361 0.865816
1.126548 0.864618
1.129740 0.863408
1.132937 0.862186
1.136139 0.860951
1.139346 0.859703
1.142557 0.858442
1.145773 0.857169
1.148994 0.855882
1.152220 0.854581
1.155451 0.853267
1.158687 0.851939
1.161927 0.850598
1.165172 0.849242
1.168423 0.847871
1.171678 0.846486
1.174938 0.845087
1.178203 0.843672
1.181472 0.842242
1.184747 0.840797
1.188027 0.839336
1.191311 0.837859
1.194600 0.836366
1.197895 0.834857
1.201194 0.833332
1.204498 0.831789
1.207808 0.830230
1.211122 0.828653
1.214441 0.827059
1.217765 0.825447
1.221094 0.823817
1.224428 0.822169
1.227768 0.820503
1.231112 0.818817
1.234461 0.817113
1.237815 0.815389
1.241174 0.813645
1.244539 0.811882
1.247908 0.810098
1.251282 0.808294
1.254662 0.806469
1.258046 0.804622
1.261436 0.802755
1.264831 0.800865
1.268230 0.798953
1.271635 0.797019
1.275045 0.795062
1.278461 0.793082
1.281881 0.791079
1.285306 0.789051
1.288737 0.787000
1.292172 0.784923
1.295613 0.782822
1.299059 0.780695
1.302510 0.778543
1.305967 0.776364
1.309428 0.774159
1.312895 0.771927
1.316367 0.769667
1.319844 0.767379
1.323327 0.765064
1.326814 0.762719
1.330307 0.760345
1.333805 0.757942
1.337308 0.755508
1.340817 0.753044
1.344331 0.750548
1.347850 0.748021
1.351374 0.745462
1.354904 0.742870
1.358439 0.740245
1.361979 0.737586
1.365525 0.734893
1.369076 0.732164
1.372632 0.729401
1.376194 0.726601
1.379761 0.723765
1.383333 0.720892
1.386911 0.717981
1.390494 0.715031
1.394082 0.712043
1.397676 0.709014
1.401275 0.705945
1.404880 0.702835
1.408490 0.699683
1.412105 0.696489
1.415726 0.693251
1.419353 0.689970
1.422984 0.686644
1.426622 0.683272
1.430264 0.679854
1.433912 0.676389
1.437566 0.672877
1.441225 0.669315
1.444890 0.665705
1.448560 0.662043
1.452235 0.658331
1.455916 0.654567
1.459603 0.650749
1.463295 0.646878
1.466993 0.642952
1.470696 0.638970
1.474405 0.634931
1.478119 0.630835
1.481839 0.626680
1.485565 0.622465
1.489296 0.618189
1.493033 0.613851
1.496775 0.609450
1.500523 0.604986
1.504277 0.600456
1.508036 0.595859
1.511801 0.591195
1.515571 0.586462
1.519348 0.581660
1.523130 0.576786
1.526917 0.571839
1.530710 0.566819
1.534509 0.561724
1.538314 0.556552
1.542124 0.551303
1.545940 0.545974
1.549762 0.540565
1.553589 0.535073
1.557423 0.529498
1.561262 0.523839
1.565107 0.518092
1.568957 0.512258
1.572813 0.506334
1.576675 0.500318
1.580543 0.494210
1.584417 0.488007
1.588297 0.481708
1.592182 0.475311
1.596073 0.468814
1.599970 0.462216
1.603873 0.455514
1.607782 0.448707
1.611696 0.441793
1.615617 0.434770
1.619543 0.427636
1.623476 0.420389
1.627414 0.413027
1.631358 0.405547
1.635308 0.397949
1.639264 0.390229
1.643226 0.382386
1.647193 0.374417
1.651167 0.366320
1.655147 0.358093
1.659133 0.349733
1.663124 0.341239
1.667122 0.332607
1.671126 0.323836
1.675135 0.314922
1.679151 0.305864
1.683173 0.296658
1.687201 0.287303
1.691234 0.277795
1.695274 0.268132
1.699320 0.258311
1.703372 0.248330
1.707430 0.238185
1.711495 0.227874
1.715565 0.217394
1.719641 0.206742
1.723724 0.195915
1.727812 0.184911
1.731907 0.173725
1.736008 0.162356
1.740115 0.150799
1.744229 0.139052
1.748348 0.127112
1.752474 0.114975
1.756605 0.102639
1.760743 0.090099
1.764888 0.077353
1.769038 0.064397
1.773195 0.051228
1.777358 0.037842
1.781527 0.024237
1.785702 0.010407
1.789884 -0.003649
1.794072 -0.017936
1.798266 -0.032456
1.802467 -0.047215
1.806674 -0.062215
1.810887 -0.077460
1.815106 -0.092953
1.819332 -0.108699
1.823564 -0.124700
1.827803 -0.140961
1.832048 -0.157486
1.836299 -0.174277
1.840557 -0.191339
1.844821 -0.208676
1.849091 -0.226291
1.853368 -0.244187
1.857651 -0.262369
1.861941 -0.280840
1.866237 -0.299604
1.870540 -0.318665
1.874849 -0.338025
1.879164 -0.357689
1.883486 -0.377661
1.887815 -0.397943
1.892150 -0.418540
1.896491 -0.439454
1.900839 -0.460689
1.905194 -0.482249
1.909555 -0.504136
1.913922 -0.526354
1.918296 -0.548906
1.922677 -0.571795
1.927064 -0.595023
1.931458 -0.618595
1.935859 -0.642511
1.940266 -0.666776
1.944680 -0.691391
1.949100 -0.716359
1.953527 -0.741683
1.957960 -0.767363
1.962401 -0.793403
1.966848 -0.819804
1.971301 -0.846567
1.975762 -0.873694
1.980229 -0.901187
1.984702 -0.929047
1.989183 -0.957273
1.993670 -0.985868
1.998164 -1.014831
2.002664 -1.044163
2.007172 -1.073864
2.011686 -1.103933
2.016207 -1.134371
2.020734 -1.165175
2.025269 -1.196346
2.029810 -1.227882
2.034358 -1.259782
2.038913 -1.292042
2.043475 -1.324663
2.048044 -1.357640
2.052619 -1.390971
2.057202 -1.424653
2.061791 -1.458683
2.066387 -1.493056
2.070990 -1.527769
2.075600 -1.562817
2.080217 -1.598195
2.084841 -1.633898
2.089471 -1.669920
2.094109 -1.706256
2.098754 -1.742898
2.103405 -1.779841
2.108064 -1.817078
2.112730 -1.854600
2.117402 -1.892400
2.122082 -1.930469
2.126768 -1.968800
2.131462 -2.007383
2.136163 -2.046208
2.140871 -2.085267
2.145585 -2.124548
2.150307 -2.164042
2.155036 -2.203737
2.159772 -2.243623
2.164516 -2.283688
2.169266 -2.323919
2.174023 -2.364306
2.178788 -2.404835
2.183560 -2.445493
2.188339 -2.486268
2.193125 -2.527146
2.197918 -2.568114
2.202719 -2.609157
2.207526 -2.650263
2.212341 -2.691415
2.217163 -2.732601
2.221993 -2.773804
2.226829 -2.815012
2.231673 -2.856207
2.236524 -2.897376
2.241383 -2.938504
2.246248 -2.979575
2.251121 -3.020573
2.256002 -3.061484
2.260889 -3.102292
2.265784 -3.142983
2.270687 -3.183540
2.275597 -3.223948
2.280514 -3.264194
2.285438 -3.304260
2.290370 -3.344134
2.295309 -3.383800
2.300256 -3.423243
2.305210 -3.462449
2.310171 -3.501405
2.315140 -3.540096
2.320117 -3.578508
2.325101 -3.616630
2.330092 -3.654447
2.335091 -3.691947
2.340098 -3.729117
2.345111 -3.765947
2.350133 -3.802423
2.355162 -3.838535
2.360198 -3.874273
2.365242 -3.909625
2.370294 -3.944582
2.375353 -3.979135
2.380420 -4.013274
2.385495 -4.046991
2.390577 -4.080277
2.395666 -4.113126
2.400764 -4.145529
2.405869 -4.177480
2.410981 -4.208974
2.416102 -4.240003
2.421230 -4.270563
2.426365 -4.300650
2.431509 -4.330259
2.436660 -4.359385
2.441819 -4.388026
2.446985 -4.416180
2.452160 -4.443843
2.457342 -4.471013
2.462532 -4.497690
2.467729 -4.523872
2.472935 -4.549558
2.478148 -4.574749
2.483369 -4.599445
2.488598 -4.623646
2.493835 -4.647354
2.499080 -4.670569
2.504332 -4.693295
2.509593 -4.715532
2.514861 -4.737283
2.520137 -4.758552
2.525421 -4.779342
2.530714 -4.799655
2.536014 -4.819496
2.541322 -4.838869
2.546638 -4.857779
2.551962 -4.876229
2.557293 -4.894224
2.562633 -4.911771
2.567981 -4.928873
2.573337 -4.945536
2.578701 -4.961767
2.584073 -4.977570
2.589454 -4.992952
2.594842 -5.007918
2.600238 -5.022476
2.605643 -5.036631
2.611055 -5.050390
2.616476 -5.063759
2.621905 -5.076745
2.627341 -5.089355
2.632787 -5.101595
2.638240 -5.113472
2.643701 -5.124993
2.649171 -5.136165
2.654649 -5.146995
2.660135 -5.157490
2.665629 -5.167656
2.671132 -5.177501
2.676643 -5.187030
2.682162 -5.196252
2.687689 -5.205173
2.693225 -5.213800
2.698769 -5.222140
2.704321 -5.230198
2.709882 -5.237983
2.715451 -5.245500
2.721028 -5.252756
2.726614 -5.259757
2.732208 -5.266511
2.737810 -5.273022
2.743421 -5.279298
2.749041 -5.285345
2.754669 -5.291168
2.760305 -5.296774
2.765949 -5.302168
2.771603 -5.307357
2.777264 -5.312346
2.782934 -5.317140
2.788613 -5.321746
2.794300 -5.326167
2.799996 -5.330411
2.805700 -5.334482
2.811413 -5.338385
2.817134 -5.342125
2.822864 -5.345707
2.828603 -5.349136
2.834350 -5.352416
2.840106 -5.355552
2.845871 -5.358549
2.851644 -5.361411
2.857426 -5.364143
2.863216 -5.366747
2.869015 -5.369229
2.874823 -5.371593
2.880640 -5.373842
2.886465 -5.375980
2.892299 -5.378010
2.898142 -5.379938
2.903993 -5.381765
2.909854 -5.383495
2.915723 -5.385132
2.921601 -5.386679
2.927488 -5.388139
2.933384 -5.389514
2.939288 -5.390809
2.945201 -5.392026
2.951124 -5.393167
2.957055 -5.394235
2.962995 -5.395234
2.968944 -5.396165
2.974902 -5.397030
2.980868 -5.397834
2.986844 -5.398577
2.992829 -5.399262
2.998823 -5.399891
3.004825 -5.400466
3.010837 -5.400990
3.016858 -5.401463
3.022888 -5.401890
3.028927 -5.402270
3.034975 -5.402606
3.041032 -5.402899
3.047098 -5.403152
3.053173 -5.403365
3.059257 -5.403541
3.065351 -5.403681
3.071453 -5.403786
3.077565 -5.403859
3.083686 -5.403899
3.089816 -5.403909
3.095955 -5.403889
3.102104 -5.403841
3.108262 -5.403767
3.114429 -5.403667
3.120605 -5.403542
3.126791 -5.403393
3.132985 -5.403222
3.139190 -5.403030
3.145403 -5.402816
3.151626 -5.402583
3.157858 -5.402331
3.164099 -5.402061
3.170350 -5.401774
3.176610 -5.401470
3.182880 -5.401150
3.189159 -5.400815
3.195447 -5.400466
3.201745 -5.400104
3.208053 -5.399728
3.214370 -5.399340
3.220696 -5.398940
3.227032 -5.398528
3.233377 -5.398106
3.239732 -5.397673
3.246096 -5.397231
3.252470 -5.396780
3.258854 -5.396319
3.265247 -5.395851
3.271649 -5.395374
3.278062 -5.394889
3.284483 -5.394398
3.290915 -5.393899
3.297356 -5.393394
3.303807 -5.392883
3.310268 -5.392366
3.316738 -5.391844
3.323218 -5.391316
3.329708 -5.390783
3.336207 -5.390246
3.342716 -5.389704
3.349235 -5.389158
3.355764 -5.388608
3.362302 -5.388054
3.368851 -5.387496
3.375409 -5.386936
3.381977 -5.386372
3.388555 -5.385805
3.395143 -5.385235
3.401740 -5.384663
3.408348 -5.384088
3.414965 -5.383511
3.421593 -5.382932
3.428230 -5.382351
3.434878 -5.381768
3.441535 -5.381183
3.448202 -5.380596
3.454879 -5.380008
3.461567 -5.379418
3.468264 -5.378827
3.474972 -5.378235
3.481689 -5.377642
