998.245006 0.001000
991.367001 0.001007
984.536339 0.001014
977.752694 0.001021
971.015742 0.001028
964.325162 0.001035
957.680634 0.001042
951.081842 0.001050
944.528471 0.001057
938.020208 0.001064
931.556743 0.001072
925.137767 0.001079
918.762974 0.001086
912.432060 0.001094
906.144723 0.001102
899.900663 0.001109
893.699583 0.001117
887.541185 0.001125
881.425177 0.001132
875.351267 0.001140
869.319164 0.001148
863.328582 0.001156
857.379234 0.001164
851.470837 0.001172
845.603109 0.001180
839.775769 0.001188
833.988540 0.001197
828.241145 0.001205
822.533312 0.001213
816.864766 0.001222
811.235238 0.001230
805.644459 0.001239
800.092163 0.001247
794.578084 0.001256
789.101960 0.001265
783.663529 0.001273
778.262531 0.001282
772.898710 0.001291
767.571810 0.001300
762.281575 0.001309
757.027754 0.001318
751.810096 0.001327
746.628353 0.001337
741.482276 0.001346
736.371621 0.001355
731.296144 0.001365
726.255602 0.001374
721.249755 0.001384
716.278364 0.001393
711.341193 0.001403
706.438005 0.001412
701.568566 0.001422
696.732645 0.001432
691.930011 0.001442
687.160434 0.001452
682.423687 0.001462
677.719544 0.001472
673.047781 0.001482
668.408174 0.001493
663.800503 0.001503
659.224547 0.001513
654.680088 0.001524
650.166910 0.001535
645.684797 0.001545
641.233535 0.001556
636.812913 0.001567
632.422718 0.001578
628.062742 0.001588
623.732776 0.001599
619.432614 0.001611
615.162052 0.001622
610.920884 0.001633
606.708909 0.001644
602.525927 0.001656
598.371736 0.001667
594.246140 0.001679
590.148940 0.001690
586.079943 0.001702
582.038954 0.001714
578.025779 0.001726
574.040228 0.001738
570.082110 0.001750
566.151237 0.001762
562.247421 0.001774
558.370475 0.001786
554.520216 0.001799
550.696458 0.001811
546.899020 0.001824
543.127721 0.001836
539.382380 0.001849
535.662819 0.001862
531.968861 0.001875
528.300329 0.001888
524.657048 0.001901
521.038845 0.001914
517.445546 0.001927
513.876981 0.001941
510.332979 0.001954
506.813371 0.001968
503.317989 0.001981
499.846667 0.001995
496.399238 0.002009
492.975539 0.002023
489.575406 0.002037
486.198677 0.002051
482.845190 0.002065
479.514786 0.002080
476.207306 0.002094
472.922592 0.002108
469.660487 0.002123
466.420836 0.002138
463.203484 0.002153
460.008278 0.002168
456.835065 0.002183
453.683694 0.002198
450.554015 0.002213
447.445878 0.002228
444.359134 0.002244
441.293638 0.002259
438.249241 0.002275
435.225800 0.002291
432.223170 0.002307
429.241208 0.002323
426.279771 0.002339
423.338718 0.002355
420.417909 0.002371
417.517205 0.002388
414.636467 0.002404
411.775557 0.002421
408.934340 0.002438
406.112679 0.002454
403.310441 0.002471
400.527490 0.002489
397.763696 0.002506
395.018925 0.002523
392.293047 0.002541
389.585931 0.002558
386.897450 0.002576
384.227473 0.002594
381.575875 0.002612
378.942528 0.002630
376.327307 0.002648
373.730087 0.002667
371.150745 0.002685
368.589156 0.002704
366.045200 0.002722
363.518753 0.002741
361.009697 0.002760
358.517912 0.002779
356.043278 0.002799
353.585677 0.002818
351.144992 0.002838
348.721107 0.002857
346.313906 0.002877
343.923275 0.002897
341.549098 0.002917
339.191264 0.002937
336.849659 0.002958
334.524171 0.002978
332.214691 0.002999
329.921107 0.003020
327.643310 0.003041
325.381192 0.003062
323.134645 0.003083
320.903561 0.003104
318.687834 0.003126
316.487358 0.003147
314.302028 0.003169
312.131741 0.003191
309.976392 0.003213
307.835879 0.003236
305.710099 0.003258
303.598952 0.003281
301.502336 0.003303
299.420152 0.003326
297.352299 0.003349
295.298680 0.003372
293.259197 0.003396
291.233751 0.003419
289.222247 0.003443
287.224589 0.003467
285.240681 0.003491
283.270429 0.003515
281.313738 0.003539
279.370516 0.003564
277.440669 0.003589
275.524106 0.003614
273.620735 0.003639
271.730465 0.003664
269.853206 0.003689
267.988869 0.003715
266.137365 0.003741
264.298604 0.003766
262.472500 0.003793
260.658966 0.003819
258.857915 0.003845
257.069260 0.003872
255.292918 0.003899
253.528802 0.003926
251.776829 0.003953
250.036915 0.003980
248.308977 0.004008
246.592933 0.004036
244.888701 0.004064
243.196200 0.004092
241.515348 0.004120
239.846066 0.004149
238.188274 0.004178
236.541893 0.004207
234.906844 0.004236
233.283050 0.004265
231.670433 0.004295
230.068915 0.004324
228.478421 0.004354
226.898875 0.004385
225.330201 0.004415
223.772325 0.004446
222.225172 0.004476
220.688668 0.004507
219.162740 0.004539
217.647315 0.004570
216.142322 0.004602
214.647688 0.004634
213.163341 0.004666
211.689212 0.004698
210.225229 0.004731
208.771323 0.004763
207.327425 0.004797
205.893465 0.004830
204.469376 0.004863
203.055089 0.004897
201.650536 0.004931
200.255652 0.004965
198.870369 0.004999
197.494621 0.005034
196.128342 0.005069
194.771468 0.005104
193.423934 0.005140
192.085675 0.005175
190.756627 0.005211
189.436727 0.005247
188.125913 0.005283
186.824121 0.005320
185.531290 0.005357
184.247358 0.005394
182.972263 0.005431
181.705945 0.005469
180.448343 0.005507
179.199397 0.005545
177.959048 0.005584
176.727237 0.005622
175.503905 0.005661
174.288993 0.005701
173.082443 0.005740
171.884199 0.005780
170.694202 0.005820
169.512396 0.005860
168.338725 0.005901
167.173133 0.005942
166.015563 0.005983
164.865961 0.006024
163.724272 0.006066
162.590442 0.006108
161.464416 0.006151
160.346141 0.006193
159.235563 0.006236
158.132629 0.006279
157.037287 0.006323
155.949485 0.006367
154.869170 0.006411
153.796291 0.006455
152.730797 0.006500
151.672637 0.006545
150.621760 0.006590
149.578117 0.006636
148.541658 0.006682
147.512332 0.006728
146.490092 0.006775
145.474888 0.006822
144.466672 0.006869
143.465395 0.006917
142.471011 0.006965
141.483471 0.007013
140.502729 0.007062
139.528737 0.007111
138.561449 0.007160
137.600820 0.007210
136.646802 0.007259
135.699352 0.007310
134.758422 0.007360
133.823970 0.007411
132.895949 0.007463
131.974316 0.007515
131.059027 0.007567
130.150039 0.007619
129.247306 0.007672
128.350788 0.007725
127.460440 0.007779
126.576221 0.007833
125.698088 0.007887
124.826000 0.007941
123.959914 0.007997
123.099790 0.008052
122.245586 0.008108
121.397262 0.008164
120.554777 0.008221
119.718091 0.008278
118.887164 0.008335
118.061956 0.008393
117.242429 0.008451
116.428543 0.008509
115.620258 0.008568
114.817537 0.008628
114.020342 0.008688
113.228634 0.008748
112.442375 0.008808
111.661528 0.008869
110.886056 0.008931
110.115922 0.008993
109.351089 0.009055
108.591520 0.009118
107.837180 0.009181
107.088031 0.009245
106.344040 0.009309
105.605169 0.009373
104.871384 0.009438
104.142650 0.009504
103.418932 0.009570
102.700195 0.009636
101.986406 0.009703
101.277530 0.009770
100.573533 0.009838
99.874382 0.009906
99.180043 0.009974
98.490484 0.010044
97.805671 0.010113
97.125571 0.010183
96.450153 0.010254
95.779384 0.010325
95.113232 0.010397
94.451666 0.010469
93.794653 0.010541
93.142162 0.010614
92.494162 0.010688
91.850623 0.010762
91.211514 0.010836
90.576803 0.010912
89.946462 0.010987
89.320459 0.011063
88.698765 0.011140
88.081350 0.011217
87.468185 0.011295
86.859241 0.011373
86.254488 0.011452
85.653898 0.011531
85.057442 0.011611
84.465091 0.011692
83.876818 0.011773
83.292593 0.011854
82.712390 0.011937
82.136181 0.012019
81.563938 0.012103
80.995634 0.012187
80.431241 0.012271
79.870734 0.012356
79.314084 0.012442
78.761266 0.012528
78.212253 0.012615
77.667019 0.012702
77.125538 0.012790
76.587785 0.012879
76.053732 0.012968
75.523356 0.013058
74.996630 0.013149
74.473530 0.013240
73.954031 0.013331
73.438107 0.013424
72.925734 0.013517
72.416889 0.013611
71.911545 0.013705
71.409681 0.013800
70.911270 0.013896
70.416290 0.013992
69.924718 0.014089
69.436529 0.014186
68.951700 0.014285
68.470208 0.014384
67.992031 0.014483
67.517145 0.014584
67.045527 0.014685
66.577156 0.014787
66.112009 0.014889
65.650064 0.014992
65.191298 0.015096
64.735690 0.015201
64.283218 0.015306
63.833860 0.015412
63.387596 0.015519
62.944403 0.015627
62.504261 0.015735
62.067148 0.015844
61.633044 0.015954
61.201928 0.016065
60.773780 0.016176
60.348578 0.016288
59.926304 0.016401
59.506936 0.016515
59.090454 0.016629
58.676840 0.016744
58.266072 0.016860
57.858132 0.016977
57.452999 0.017095
57.050655 0.017213
56.651081 0.017333
56.254257 0.017453
55.860165 0.017574
55.468785 0.017696
55.080099 0.017818
54.694088 0.017942
54.310734 0.018066
53.930019 0.018191
53.551925 0.018317
53.176433 0.018444
52.803526 0.018572
52.433185 0.018701
52.065394 0.018830
51.700134 0.018961
51.337388 0.019092
50.977140 0.019225
50.619371 0.019358
50.264064 0.019492
49.911203 0.019627
49.560771 0.019763
49.212751 0.019900
48.867127 0.020038
48.523881 0.020177
48.182998 0.020317
47.844462 0.020458
47.508256 0.020599
47.174363 0.020742
46.842770 0.020886
46.513458 0.021031
46.186413 0.021177
45.861620 0.021323
45.539062 0.021471
45.218724 0.021620
44.900591 0.021770
44.584648 0.021921
44.270880 0.022073
43.959271 0.022226
43.649808 0.022380
43.342474 0.022535
43.037256 0.022691
42.734139 0.022848
42.433108 0.023006
42.134149 0.023166
41.837248 0.023326
41.542390 0.023488
41.249563 0.023651
40.958750 0.023815
40.669940 0.023980
40.383117 0.024146
40.098269 0.024313
39.815381 0.024482
39.534441 0.024652
39.255434 0.024823
38.978348 0.024995
38.703169 0.025168
38.429884 0.025342
38.158480 0.025518
37.888944 0.025695
37.621264 0.025873
37.355426 0.026052
37.091418 0.026233
36.829227 0.026415
36.568841 0.026598
36.310247 0.026782
36.053433 0.026968
35.798387 0.027154
35.545096 0.027343
35.293549 0.027532
35.043733 0.027723
34.795636 0.027915
34.549248 0.028109
34.304555 0.028303
34.061547 0.028500
33.820211 0.028697
33.580537 0.028896
33.342512 0.029096
33.106125 0.029298
32.871366 0.029501
32.638223 0.029705
32.406684 0.029911
32.176739 0.030119
31.948377 0.030327
31.721587 0.030538
31.496357 0.030749
31.272678 0.030962
31.050539 0.031177
30.829929 0.031393
30.610837 0.031611
30.393253 0.031830
30.177167 0.032050
29.962568 0.032272
29.749447 0.032496
29.537792 0.032721
29.327594 0.032948
29.118843 0.033176
28.911529 0.033406
28.705642 0.033638
28.501172 0.033871
28.298110 0.034106
28.096445 0.034342
27.896168 0.034580
27.697270 0.034820
27.499741 0.035061
27.303572 0.035304
27.108752 0.035549
26.915274 0.035795
26.723128 0.036043
26.532304 0.036293
26.342793 0.036545
26.154587 0.036798
25.967677 0.037053
25.782053 0.037310
25.597707 0.037568
25.414629 0.037829
25.232812 0.038091
25.052246 0.038355
24.872924 0.038621
24.694835 0.038888
24.517972 0.039158
24.342327 0.039429
24.167891 0.039703
23.994655 0.039978
23.822612 0.040255
23.651753 0.040534
23.482070 0.040815
23.313555 0.041098
23.146200 0.041383
22.979996 0.041669
22.814937 0.041958
22.651014 0.042249
22.488220 0.042542
22.326545 0.042837
22.165984 0.043133
22.006528 0.043432
21.848169 0.043733
21.690901 0.044036
21.534715 0.044342
21.379604 0.044649
21.225560 0.044958
21.072577 0.045270
20.920647 0.045584
20.769763 0.045900
20.619918 0.046218
20.471103 0.046538
20.323313 0.046861
20.176541 0.047185
20.030778 0.047512
19.886019 0.047842
19.742257 0.048173
19.599483 0.048507
19.457693 0.048843
19.316879 0.049182
19.177033 0.049523
19.038151 0.049866
18.900224 0.050211
18.763247 0.050559
18.627213 0.050910
18.492115 0.051263
18.357946 0.051618
18.224702 0.051976
18.092374 0.052336
17.960958 0.052699
17.830445 0.053064
17.700832 0.053431
17.572110 0.053802
17.444275 0.054175
17.317319 0.054550
17.191237 0.054928
17.066023 0.055309
16.941671 0.055692
16.818175 0.056078
16.695529 0.056467
16.573727 0.056858
16.452763 0.057252
16.332633 0.057649
16.213329 0.058048
16.094846 0.058451
15.977178 0.058856
15.860321 0.059263
15.744268 0.059674
15.629014 0.060088
15.514553 0.060504
15.400880 0.060923
15.287990 0.061346
15.175876 0.061771
15.064534 0.062199
14.953959 0.062630
14.844145 0.063064
14.735086 0.063501
14.626778 0.063941
14.519216 0.064384
14.412394 0.064830
14.306308 0.065279
14.200951 0.065732
14.096320 0.066187
13.992409 0.066646
13.889213 0.067108
13.786728 0.067573
13.684948 0.068041
13.583868 0.068512
13.483484 0.068987
13.383792 0.069465
13.284785 0.069947
13.186460 0.070431
13.088812 0.070919
12.991836 0.071411
12.895527 0.071905
12.799881 0.072404
12.704894 0.072905
12.610561 0.073411
12.516876 0.073919
12.423837 0.074431
12.331438 0.074947
12.239675 0.075466
12.148544 0.075989
12.058040 0.076516
11.968158 0.077046
11.878896 0.077580
11.790248 0.078117
11.702210 0.078659
11.614778 0.079204
11.527948 0.079752
11.441716 0.080305
11.356077 0.080861
11.271028 0.081422
11.186564 0.081986
11.102681 0.082554
11.019376 0.083126
10.936644 0.083702
10.854482 0.084281
10.772885 0.084865
10.691850 0.085453
10.611372 0.086045
10.531449 0.086641
10.452076 0.087242
10.373249 0.087846
10.294964 0.088455
10.217219 0.089067
10.140009 0.089684
10.063330 0.090306
9.987178 0.090931
9.911552 0.091561
9.836445 0.092195
9.761856 0.092834
9.687780 0.093477
9.614214 0.094125
9.541154 0.094777
9.468597 0.095433
9.396539 0.096094
9.324978 0.096760
9.253909 0.097430
9.183329 0.098105
9.113235 0.098784
9.043624 0.099469
8.974492 0.100157
8.905835 0.100851
8.837651 0.101550
8.769937 0.102253
8.702688 0.102961
8.635903 0.103674
8.569577 0.104392
8.503708 0.105115
8.438292 0.105843
8.373326 0.106576
8.308808 0.107314
8.244733 0.108057
8.181100 0.108805
8.117904 0.109559
8.055144 0.110317
7.992816 0.111081
7.930916 0.111850
7.869443 0.112625
7.808393 0.113405
7.747763 0.114190
7.687550 0.114980
7.627752 0.115776
7.568366 0.116578
7.509388 0.117385
7.450816 0.118198
7.392647 0.119016
7.334879 0.119840
7.277508 0.120669
7.220533 0.121505
7.163949 0.122346
7.107755 0.123192
7.051948 0.124045
6.996524 0.124904
6.941483 0.125768
6.886820 0.126638
6.832533 0.127515
6.778620 0.128397
6.725079 0.129286
6.671905 0.130180
6.619098 0.131081
6.566654 0.131988
6.514571 0.132901
6.462847 0.133821
6.411479 0.134747
6.360464 0.135679
6.309801 0.136618
6.259486 0.137563
6.209517 0.138514
6.159893 0.139472
6.110610 0.140437
6.061666 0.141408
6.013059 0.142386
5.964787 0.143371
5.916847 0.144363
5.869237 0.145361
5.821954 0.146366
5.774998 0.147378
5.728364 0.148397
5.682051 0.149423
5.636057 0.150456
5.590380 0.151496
5.545017 0.152543
5.499966 0.153598
5.455226 0.154659
5.410793 0.155728
5.366666 0.156804
5.322843 0.157888
5.279322 0.158979
5.236100 0.160077
5.193176 0.161183
5.150547 0.162297
5.108211 0.163418
5.066167 0.164547
5.024413 0.165683
4.982945 0.166827
4.941764 0.167979
4.900865 0.169139
4.860248 0.170307
4.819911 0.171483
4.779852 0.172667
4.740068 0.173859
4.700558 0.175059
4.661320 0.176267
4.622352 0.177483
4.583652 0.178708
4.545218 0.179941
4.507050 0.181182
4.469143 0.182432
4.431498 0.183691
4.394112 0.184957
4.356983 0.186233
4.320110 0.187517
4.283491 0.188810
4.247123 0.190111
4.211006 0.191422
4.175138 0.192741
4.139516 0.194069
4.104140 0.195406
4.069007 0.196752
4.034116 0.198108
3.999465 0.199472
3.965053 0.200846
3.930878 0.202228
3.896937 0.203621
3.863231 0.205022
3.829756 0.206433
3.796512 0.207854
3.763497 0.209284
3.730709 0.210723
3.698146 0.212173
3.665808 0.213632
3.633692 0.215100
3.601798 0.216579
3.570122 0.218067
3.538665 0.219566
3.507425 0.221074
3.476399 0.222593
3.445587 0.224121
3.414987 0.225660
3.384598 0.227209
3.354418 0.228768
3.324446 0.230338
3.294680 0.231918
3.265119 0.233508
3.235761 0.235110
3.206605 0.236721
3.177650 0.238343
3.148895 0.239976
3.120337 0.241620
3.091976 0.243275
3.063810 0.244940
3.035838 0.246617
3.008059 0.248304
2.980470 0.250002
2.953072 0.251712
2.925862 0.253433
2.898840 0.255165
2.872003 0.256908
2.845351 0.258662
2.818883 0.260428
2.792597 0.262206
2.766492 0.263995
2.740566 0.265795
2.714819 0.267607
2.689249 0.269431
2.663855 0.271267
2.638636 0.273114
2.613591 0.274973
2.588718 0.276844
2.564016 0.278727
2.539484 0.280622
2.515121 0.282530
2.490926 0.284449
2.466897 0.286380
2.443034 0.288324
2.419335 0.290280
2.395799 0.292248
2.372425 0.294228
2.349212 0.296221
2.326158 0.298227
2.303264 0.300245
2.280527 0.302275
2.257946 0.304318
2.235521 0.306374
2.213250 0.308443
2.191133 0.310524
2.169168 0.312618
2.147354 0.314725
2.125690 0.316844
2.104175 0.318977
2.082808 0.321123
2.061589 0.323281
2.040515 0.325453
2.019587 0.327638
1.998802 0.329835
1.978161 0.332046
1.957662 0.334270
1.937304 0.336508
1.917085 0.338758
1.897007 0.341022
1.877066 0.343299
1.857263 0.345589
1.837595 0.347893
1.818064 0.350210
1.798666 0.352540
1.779403 0.354884
1.760271 0.357241
1.741272 0.359612
1.722403 0.361996
1.703664 0.364394
1.685054 0.366805
1.666573 0.369229
1.648218 0.371667
1.629990 0.374119
1.611887 0.376583
1.593909 0.379062
1.576055 0.381554
1.558323 0.384059
1.540714 0.386578
1.523225 0.389110
1.505858 0.391656
1.488609 0.394215
1.471480 0.396788
1.454468 0.399374
1.437573 0.401973
1.420795 0.404586
1.404132 0.407212
1.387584 0.409851
1.371150 0.412504
1.354829 0.415170
1.338620 0.417849
1.322523 0.420541
1.306536 0.423246
1.290660 0.425964
1.274893 0.428695
1.259234 0.431439
1.243684 0.434196
1.228240 0.436966
1.212902 0.439749
1.197671 0.442544
1.182544 0.445352
1.167521 0.448172
1.152601 0.451005
1.137784 0.453850
1.123070 0.456707
1.108456 0.459576
1.093943 0.462458
1.079530 0.465351
1.065216 0.468257
1.051001 0.471174
1.036884 0.474103
1.022863 0.477043
1.008940 0.479994
0.995112 0.482957
0.981379 0.485931
0.967741 0.488916
0.954196 0.491912
0.940745 0.494919
0.927387 0.497936
0.914120 0.500963
0.900945 0.504001
0.887860 0.507049
0.874866 0.510106
0.861961 0.513174
0.849144 0.516251
0.836416 0.519337
0.823776 0.522433
0.811222 0.525537
0.798755 0.528651
0.786374 0.531773
0.774078 0.534903
0.761867 0.538042
0.749740 0.541188
0.737696 0.544343
0.725735 0.547504
0.713856 0.550674
0.702060 0.553850
0.690344 0.557033
0.678709 0.560223
0.667154 0.563419
0.655679 0.566621
0.644282 0.569829
0.632964 0.573043
0.621724 0.576262
0.610562 0.579486
0.599476 0.582714
0.588466 0.585948
0.577533 0.589185
0.566674 0.592427
0.555890 0.595672
0.545181 0.598921
0.534545 0.602173
0.523983 0.605427
0.513493 0.608685
0.503075 0.611944
0.492729 0.615205
0.482454 0.618468
0.472250 0.621732
0.462116 0.624998
0.452052 0.628264
0.442058 0.631530
0.432132 0.634796
0.422274 0.638062
0.412484 0.641328
0.402762 0.644592
0.393106 0.647856
0.383517 0.651118
0.373994 0.654378
0.364537 0.657635
0.355144 0.660891
0.345817 0.664143
0.336553 0.667392
0.327353 0.670638
0.318217 0.673880
0.309143 0.677117
0.300132 0.680350
0.291183 0.683579
0.282296 0.686802
0.273469 0.690020
0.264704 0.693232
0.255999 0.696437
0.247353 0.699637
0.238768 0.702829
0.230241 0.706015
0.221773 0.709193
0.213363 0.712363
0.205011 0.715526
0.196717 0.718680
0.188480 0.721825
0.180299 0.724962
0.172175 0.728089
0.164107 0.731207
0.156094 0.734314
0.148136 0.737412
0.140233 0.740499
0.132385 0.743576
0.124591 0.746642
0.116850 0.749696
0.109162 0.752739
0.101528 0.755770
0.093946 0.758788
0.086416 0.761795
0.078938 0.764789
0.071511 0.767770
0.064136 0.770738
0.056811 0.773693
0.049537 0.776634
0.042313 0.779561
0.035138 0.782475
0.028013 0.785374
0.020937 0.788259
0.013910 0.791128
0.006931 0.793984
0.000000 0.796824
