0.000000 0.001000
-0.001500 0.000998
-0.003000 0.000997
-0.004500 0.000995
-0.006000 0.000994
-0.007500 0.000992
-0.009000 0.000991
-0.010500 0.000989
-0.012000 0.000988
-0.013500 0.000986
-0.015000 0.000985
-0.016500 0.000983
-0.018000 0.000982
-0.019500 0.000980
-0.021000 0.000979
-0.022500 0.000977
-0.024000 0.000976
-0.025500 0.000974
-0.027000 0.000973
-0.028500 0.000971
-0.030000 0.000969
-0.031500 0.000968
-0.033000 0.000966
-0.034500 0.000965
-0.036000 0.000963
-0.037500 0.000962
-0.039000 0.000960
-0.040500 0.000959
-0.042000 0.000957
-0.043500 0.000955
-0.045000 0.000954
-0.046500 0.000952
-0.048000 0.000951
-0.049500 0.000949
-0.051000 0.000947
-0.052500 0.000946
-0.054000 0.000944
-0.055500 0.000943
-0.057000 0.000941
-0.058500 0.000939
-0.060000 0.000938
-0.061500 0.000936
-0.063000 0.000935
-0.064500 0.000933
-0.066000 0.000931
-0.067500 0.000930
-0.069000 0.000928
-0.070500 0.000927
-0.072000 0.000925
-0.073500 0.000923
-0.075000 0.000922
-0.076500 0.000920
-0.078000 0.000918
-0.079500 0.000917
-0.081000 0.000915
-0.082500 0.000913
-0.084000 0.000912
-0.085500 0.000910
-0.087000 0.000909
-0.088500 0.000907
-0.090000 0.000905
-0.091500 0.000904
-0.093000 0.000902
-0.094500 0.000900
-0.096000 0.000899
-0.097500 0.000897
-0.099000 0.000895
-0.100500 0.000894
-0.102000 0.000892
-0.103500 0.000890
-0.105000 0.000888
-0.106500 0.000887
-0.108000 0.000885
-0.109500 0.000883
-0.111000 0.000882
-0.112500 0.000880
-0.114000 0.000878
-0.115500 0.000877
-0.117000 0.000875
-0.118500 0.000873
-0.120000 0.000872
-0.121500 0.000870
-0.123000 0.000868
-0.124500 0.000866
-0.126000 0.000865
-0.127500 0.000863
-0.129000 0.000861
-0.130500 0.000860
-0.132000 0.000858
-0.133500 0.000856
-0.135000 0.000854
-0.136500 0.000853
-0.138000 0.000851
-0.139500 0.000849
-0.141000 0.000847
-0.142500 0.000846
-0.144000 0.000844
-0.145500 0.000842
-0.147000 0.000840
-0.148500 0.000839
-0.150000 0.000837
-0.151500 0.000835
-0.153000 0.000833
-0.154500 0.000832
-0.156000 0.000830
-0.157500 0.000828
-0.159000 0.000826
-0.160500 0.000825
-0.162000 0.000823
-0.163500 0.000821
-0.165000 0.000819
-0.166500 0.000817
-0.168000 0.000816
-0.169500 0.000814
-0.171000 0.000812
-0.172500 0.000810
-0.174000 0.000809
-0.175500 0.000807
-0.177000 0.000805
-0.178500 0.000803
-0.180000 0.000801
-0.181500 0.000800
-0.183000 0.000798
-0.184500 0.000796
-0.186000 0.000794
-0.187500 0.000792
-0.189000 0.000791
-0.190500 0.000789
-0.192000 0.000787
-0.193500 0.000785
-0.195000 0.000783
-0.196500 0.000781
-0.198000 0.000780
-0.199500 0.000778
-0.201000 0.000776
-0.202500 0.000774
-0.204000 0.000772
-0.205500 0.000770
-0.207000 0.000769
-0.208500 0.000767
-0.210000 0.000765
-0.211500 0.000763
-0.213000 0.000761
-0.214500 0.000759
-0.216000 0.000758
-0.217500 0.000756
-0.219000 0.000754
-0.220500 0.000752
-0.222000 0.000750
-0.223500 0.000748
-0.225000 0.000746
-0.226500 0.000745
-0.228000 0.000743
-0.229500 0.000741
-0.231000 0.000739
-0.232500 0.000737
-0.234000 0.000735
-0.235500 0.000733
-0.237000 0.000732
-0.238500 0.000730
-0.240000 0.000728
-0.241500 0.000726
-0.243000 0.000724
-0.244500 0.000722
-0.246000 0.000720
-0.247500 0.000718
-0.249000 0.000716
-0.250500 0.000715
-0.252000 0.000713
-0.253500 0.000711
-0.255000 0.000709
-0.256500 0.000707
-0.258000 0.000705
-0.259500 0.000703
-0.261000 0.000701
-0.262500 0.000699
-0.264000 0.000698
-0.265500 0.000696
-0.267000 0.000694
-0.268500 0.000692
-0.270000 0.000690
-0.271500 0.000688
-0.273000 0.000686
-0.274500 0.000684
-0.276000 0.000682
-0.277500 0.000680
-0.279000 0.000678
-0.280500 0.000677
-0.282000 0.000675
-0.283500 0.000673
-0.285000 0.000671
-0.286500 0.000669
-0.288000 0.000667
-0.289500 0.000665
-0.291000 0.000663
-0.292500 0.000661
-0.294000 0.000659
-0.295500 0.000657
-0.297000 0.000655
-0.298500 0.000653
-0.300000 0.000652
-0.301500 0.000650
-0.303000 0.000648
-0.304500 0.000646
-0.306000 0.000644
-0.307500 0.000642
-0.309000 0.000640
-0.310500 0.000638
-0.312000 0.000636
-0.313500 0.000634
-0.315000 0.000632
-0.316500 0.000630
-0.318000 0.000628
-0.319500 0.000626
-0.321000 0.000624
-0.322500 0.000622
-0.324000 0.000621
-0.325500 0.000619
-0.327000 0.000617
-0.328500 0.000615
-0.330000 0.000613
-0.331500 0.000611
-0.333000 0.000609
-0.334500 0.000607
-0.336000 0.000605
-0.337500 0.000603
-0.339000 0.000601
-0.340500 0.000599
-0.342000 0.000597
-0.343500 0.000595
-0.345000 0.000593
-0.346500 0.000591
-0.348000 0.000589
-0.349500 0.000587
-0.351000 0.000585
-0.352500 0.000583
-0.354000 0.000581
-0.355500 0.000580
-0.357000 0.000578
-0.358500 0.000576
-0.360000 0.000574
-0.361500 0.000572
-0.363000 0.000570
-0.364500 0.000568
-0.366000 0.000566
-0.367500 0.000564
-0.369000 0.000562
-0.370500 0.000560
-0.372000 0.000558
-0.373500 0.000556
-0.375000 0.000554
-0.376500 0.000552
-0.378000 0.000550
-0.379500 0.000548
-0.381000 0.000546
-0.382500 0.000544
-0.384000 0.000542
-0.385500 0.000540
-0.387000 0.000538
-0.388500 0.000536
-0.390000 0.000534
-0.391500 0.000532
-0.393000 0.000530
-0.394500 0.000529
-0.396000 0.000527
-0.397500 0.000525
-0.399000 0.000523
-0.400500 0.000521
-0.402000 0.000519
-0.403500 0.000517
-0.405000 0.000515
-0.406500 0.000513
-0.408000 0.000511
-0.409500 0.000509
-0.411000 0.000507
-0.412500 0.000505
-0.414000 0.000503
-0.415500 0.000501
-0.417000 0.000499
-0.418500 0.000497
-0.420000 0.000495
-0.421500 0.000493
-0.423000 0.000491
-0.424500 0.000489
-0.426000 0.000487
-0.427500 0.000485
-0.429000 0.000483
-0.430500 0.000482
-0.432000 0.000480
-0.433500 0.000478
-0.435000 0.000476
-0.436500 0.000474
-0.438000 0.000472
-0.439500 0.000470
-0.441000 0.000468
-0.442500 0.000466
-0.444000 0.000464
-0.445500 0.000462
-0.447000 0.000460
-0.448500 0.000458
-0.450000 0.000456
-0.451500 0.000454
-0.453000 0.000452
-0.454500 0.000450
-0.456000 0.000449
-0.457500 0.000447
-0.459000 0.000445
-0.460500 0.000443
-0.462000 0.000441
-0.463500 0.000439
-0.465000 0.000437
-0.466500 0.000435
-0.468000 0.000433
-0.469500 0.000431
-0.471000 0.000429
-0.472500 0.000427
-0.474000 0.000425
-0.475500 0.000423
-0.477000 0.000422
-0.478500 0.000420
-0.480000 0.000418
-0.481500 0.000416
-0.483000 0.000414
-0.484500 0.000412
-0.486000 0.000410
-0.487500 0.000408
-0.489000 0.000406
-0.490500 0.000404
-0.492000 0.000402
-0.493500 0.000401
-0.495000 0.000399
-0.496500 0.000397
-0.498000 0.000395
-0.499500 0.000393
-0.501000 0.000391
-0.502500 0.000389
-0.504000 0.000387
-0.505500 0.000385
-0.507000 0.000384
-0.508500 0.000382
-0.510000 0.000380
-0.511500 0.000378
-0.513000 0.000376
-0.514500 0.000374
-0.516000 0.000372
-0.517500 0.000371
-0.519000 0.000369
-0.520500 0.000367
-0.522000 0.000365
-0.523500 0.000363
-0.525000 0.000361
-0.526500 0.000359
-0.528000 0.000358
-0.529500 0.000356
-0.531000 0.000354
-0.532500 0.000352
-0.534000 0.000350
-0.535500 0.000348
-0.537000 0.000346
-0.538500 0.000345
-0.540000 0.000343
-0.541500 0.000341
-0.543000 0.000339
-0.544500 0.000337
-0.546000 0.000336
-0.547500 0.000334
-0.549000 0.000332
-0.550500 0.000330
-0.552000 0.000328
-0.553500 0.000327
-0.555000 0.000325
-0.556500 0.000323
-0.558000 0.000321
-0.559500 0.000319
-0.561000 0.000318
-0.562500 0.000316
-0.564000 0.000314
-0.565500 0.000312
-0.567000 0.000310
-0.568500 0.000309
-0.570000 0.000307
-0.571500 0.000305
-0.573000 0.000303
-0.574500 0.000302
-0.576000 0.000300
-0.577500 0.000298
-0.579000 0.000296
-0.580500 0.000295
-0.582000 0.000293
-0.583500 0.000291
-0.585000 0.000289
-0.586500 0.000288
-0.588000 0.000286
-0.589500 0.000284
-0.591000 0.000283
-0.592500 0.000281
-0.594000 0.000279
-0.595500 0.000277
-0.597000 0.000276
-0.598500 0.000274
-0.600000 0.000272
-0.601500 0.000271
-0.603000 0.000269
-0.604500 0.000267
-0.606000 0.000266
-0.607500 0.000264
-0.609000 0.000262
-0.610500 0.000261
-0.612000 0.000259
-0.613500 0.000257
-0.615000 0.000256
-0.616500 0.000254
-0.618000 0.000252
-0.619500 0.000251
-0.621000 0.000249
-0.622500 0.000247
-0.624000 0.000246
-0.625500 0.000244
-0.627000 0.000242
-0.628500 0.000241
-0.630000 0.000239
-0.631500 0.000238
-0.633000 0.000236
-0.634500 0.000234
-0.636000 0.000233
-0.637500 0.000231
-0.639000 0.000230
-0.640500 0.000228
-0.642000 0.000226
-0.643500 0.000225
-0.645000 0.000223
-0.646500 0.000222
-0.648000 0.000220
-0.649500 0.000219
-0.651000 0.000217
-0.652500 0.000216
-0.654000 0.000214
-0.655500 0.000212
-0.657000 0.000211
-0.658500 0.000209
-0.660000 0.000208
-0.661500 0.000206
-0.663000 0.000205
-0.664500 0.000203
-0.666000 0.000202
-0.667500 0.000200
-0.669000 0.000199
-0.670500 0.000197
-0.672000 0.000196
-0.673500 0.000194
-0.675000 0.000193
-0.676500 0.000191
-0.678000 0.000190
-0.679500 0.000188
-0.681000 0.000187
-0.682500 0.000186
-0.684000 0.000184
-0.685500 0.000183
-0.687000 0.000181
-0.688500 0.000180
-0.690000 0.000178
-0.691500 0.000177
-0.693000 0.000176
-0.694500 0.000174
-0.696000 0.000173
-0.697500 0.000171
-0.699000 0.000170
-0.700500 0.000169
-0.702000 0.000167
-0.703500 0.000166
-0.705000 0.000164
-0.706500 0.000163
-0.708000 0.000162
-0.709500 0.000160
-0.711000 0.000159
-0.712500 0.000158
-0.714000 0.000156
-0.715500 0.000155
-0.717000 0.000154
-0.718500 0.000152
-0.720000 0.000151
-0.721500 0.000150
-0.723000 0.000148
-0.724500 0.000147
-0.726000 0.000146
-0.727500 0.000145
-0.729000 0.000143
-0.730500 0.000142
-0.732000 0.000141
-0.733500 0.000139
-0.735000 0.000138
-0.736500 0.000137
-0.738000 0.000136
-0.739500 0.000134
-0.741000 0.000133
-0.742500 0.000132
-0.744000 0.000131
-0.745500 0.000129
-0.747000 0.000128
-0.748500 0.000127
-0.750000 0.000126
-0.751500 0.000125
-0.753000 0.000123
-0.754500 0.000122
-0.756000 0.000121
-0.757500 0.000120
-0.759000 0.000119
-0.760500 0.000118
-0.762000 0.000116
-0.763500 0.000115
-0.765000 0.000114
-0.766500 0.000113
-0.768000 0.000112
-0.769500 0.000111
-0.771000 0.000110
-0.772500 0.000109
-0.774000 0.000107
-0.775500 0.000106
-0.777000 0.000105
-0.778500 0.000104
-0.780000 0.000103
-0.781500 0.000102
-0.783000 0.000101
-0.784500 0.000100
-0.786000 0.000099
-0.787500 0.000098
-0.789000 0.000097
-0.790500 0.000096
-0.792000 0.000095
-0.793500 0.000094
-0.795000 0.000092
-0.796500 0.000091
-0.798000 0.000090
-0.799500 0.000089
-0.801000 0.000088
-0.802500 0.000087
-0.804000 0.000086
-0.805500 0.000085
-0.807000 0.000084
-0.808500 0.000084
-0.810000 0.000083
-0.811500 0.000082
-0.813000 0.000081
-0.814500 0.000080
-0.816000 0.000079
-0.817500 0.000078
-0.819000 0.000077
-0.820500 0.000076
-0.822000 0.000075
-0.823500 0.000074
-0.825000 0.000073
-0.826500 0.000072
-0.828000 0.000071
-0.829500 0.000071
-0.831000 0.000070
-0.832500 0.000069
-0.834000 0.000068
-0.835500 0.000067
-0.837000 0.000066
-0.838500 0.000065
-0.840000 0.000064
-0.841500 0.000064
-0.843000 0.000063
-0.844500 0.000062
-0.846000 0.000061
-0.847500 0.000060
-0.849000 0.000059
-0.850500 0.000059
-0.852000 0.000058
-0.853500 0.000057
-0.855000 0.000056
-0.856500 0.000056
-0.858000 0.000055
-0.859500 0.000054
-0.861000 0.000053
-0.862500 0.000052
-0.864000 0.000052
-0.865500 0.000051
-0.867000 0.000050
-0.868500 0.000049
-0.870000 0.000049
-0.871500 0.000048
-0.873000 0.000047
-0.874500 0.000047
-0.876000 0.000046
-0.877500 0.000045
-0.879000 0.000044
-0.880500 0.000044
-0.882000 0.000043
-0.883500 0.000042
-0.885000 0.000042
-0.886500 0.000041
-0.888000 0.000040
-0.889500 0.000040
-0.891000 0.000039
-0.892500 0.000038
-0.894000 0.000038
-0.895500 0.000037
-0.897000 0.000036
-0.898500 0.000036
-0.900000 0.000035
-0.901500 0.000035
-0.903000 0.000034
-0.904500 0.000033
-0.906000 0.000033
-0.907500 0.000032
-0.909000 0.000032
-0.910500 0.000031
-0.912000 0.000030
-0.913500 0.000030
-0.915000 0.000029
-0.916500 0.000029
-0.918000 0.000028
-0.919500 0.000028
-0.921000 0.000027
-0.922500 0.000027
-0.924000 0.000026
-0.925500 0.000025
-0.927000 0.000025
-0.928500 0.000024
-0.930000 0.000024
-0.931500 0.000023
-0.933000 0.000023
-0.934500 0.000022
-0.936000 0.000022
-0.937500 0.000021
-0.939000 0.000021
-0.940500 0.000020
-0.942000 0.000020
-0.943500 0.000019
-0.945000 0.000019
-0.946500 0.000019
-0.948000 0.000018
-0.949500 0.000018
-0.951000 0.000017
-0.952500 0.000017
-0.954000 0.000016
-0.955500 0.000016
-0.957000 0.000015
-0.958500 0.000015
-0.960000 0.000015
-0.961500 0.000014
-0.963000 0.000014
-0.964500 0.000013
-0.966000 0.000013
-0.967500 0.000012
-0.969000 0.000012
-0.970500 0.000012
-0.972000 0.000011
-0.973500 0.000011
-0.975000 0.000011
-0.976500 0.000010
-0.978000 0.000010
-0.979500 0.000009
-0.981000 0.000009
-0.982500 0.000009
-0.984000 0.000008
-0.985500 0.000008
-0.987000 0.000008
-0.988500 0.000007
-0.990000 0.000007
-0.991500 0.000007
-0.993000 0.000006
-0.994500 0.000006
-0.996000 0.000006
-0.997500 0.000005
-0.999000 0.000005
-1.000500 0.000005
-1.002000 0.000004
-1.003500 0.000004
-1.005000 0.000004
-1.006500 0.000003
-1.008000 0.000003
-1.009500 0.000003
-1.011000 0.000003
-1.012500 0.000002
-1.014000 0.000002
-1.015500 0.000002
-1.017000 0.000002
-1.018500 0.000001
-1.020000 0.000001
-1.021500 0.000001
-1.023000 0.000000
-1.024500 0.000000
-1.026000 -0.000000
-1.027500 -0.000000
-1.029000 -0.000001
-1.030500 -0.000001
-1.032000 -0.000001
-1.033500 -0.000001
-1.035000 -0.000002
-1.036500 -0.000002
-1.038000 -0.000002
-1.039500 -0.000002
-1.041000 -0.000002
-1.042500 -0.000003
-1.044000 -0.000003
-1.045500 -0.000003
-1.047000 -0.000003
-1.048500 -0.000003
-1.050000 -0.000004
-1.051500 -0.000004
-1.053000 -0.000004
-1.054500 -0.000004
-1.056000 -0.000004
-1.057500 -0.000005
-1.059000 -0.000005
-1.060500 -0.000005
-1.062000 -0.000005
-1.063500 -0.000005
-1.065000 -0.000006
-1.066500 -0.000006
-1.068000 -0.000006
-1.069500 -0.000006
-1.071000 -0.000006
-1.072500 -0.000006
-1.074000 -0.000007
-1.075500 -0.000007
-1.077000 -0.000007
-1.078500 -0.000007
-1.080000 -0.000007
-1.081500 -0.000007
-1.083000 -0.000008
-1.084500 -0.000008
-1.086000 -0.000008
-1.087500 -0.000008
-1.089000 -0.000008
-1.090500 -0.000008
-1.092000 -0.000008
-1.093500 -0.000009
-1.095000 -0.000009
-1.096500 -0.000009
-1.098000 -0.000009
-1.099500 -0.000009
-1.101000 -0.000009
-1.102500 -0.000009
-1.104000 -0.000009
-1.105500 -0.000010
-1.107000 -0.000010
-1.108500 -0.000010
-1.110000 -0.000010
-1.111500 -0.000010
-1.113000 -0.000010
-1.114500 -0.000010
-1.116000 -0.000010
-1.117500 -0.000010
-1.119000 -0.000011
-1.120500 -0.000011
-1.122000 -0.000011
-1.123500 -0.000011
-1.125000 -0.000011
-1.126500 -0.000011
-1.128000 -0.000011
-1.129500 -0.000011
-1.131000 -0.000011
-1.132500 -0.000011
-1.134000 -0.000012
-1.135500 -0.000012
-1.137000 -0.000012
-1.138500 -0.000012
-1.140000 -0.000012
-1.141500 -0.000012
-1.143000 -0.000012
-1.144500 -0.000012
-1.146000 -0.000012
-1.147500 -0.000012
-1.149000 -0.000012
-1.150500 -0.000012
-1.152000 -0.000013
-1.153500 -0.000013
-1.155000 -0.000013
-1.156500 -0.000013
-1.158000 -0.000013
-1.159500 -0.000013
-1.161000 -0.000013
-1.162500 -0.000013
-1.164000 -0.000013
-1.165500 -0.000013
-1.167000 -0.000013
-1.168500 -0.000013
-1.170000 -0.000013
-1.171500 -0.000013
-1.173000 -0.000013
-1.174500 -0.000014
-1.176000 -0.000014
-1.177500 -0.000014
-1.179000 -0.000014
-1.180500 -0.000014
-1.182000 -0.000014
-1.183500 -0.000014
-1.185000 -0.000014
-1.186500 -0.000014
-1.188000 -0.000014
-1.189500 -0.000014
-1.191000 -0.000014
-1.192500 -0.000014
-1.194000 -0.000014
-1.195500 -0.000014
-1.197000 -0.000014
-1.198500 -0.000014
-1.200000 -0.000014
-1.201500 -0.000015
-1.203000 -0.000015
-1.204500 -0.000015
-1.206000 -0.000015
-1.207500 -0.000015
-1.209000 -0.000015
-1.210500 -0.000015
-1.212000 -0.000015
-1.213500 -0.000015
-1.215000 -0.000015
-1.216500 -0.000015
-1.218000 -0.000015
-1.219500 -0.000015
-1.221000 -0.000015
-1.222500 -0.000015
-1.224000 -0.000015
-1.225500 -0.000015
-1.227000 -0.000015
-1.228500 -0.000015
-1.230000 -0.000015
-1.231500 -0.000015
-1.233000 -0.000015
-1.234500 -0.000015
-1.236000 -0.000015
-1.237500 -0.000016
-1.239000 -0.000016
-1.240500 -0.000016
-1.242000 -0.000016
-1.243500 -0.000016
-1.245000 -0.000016
-1.246500 -0.000016
-1.248000 -0.000016
-1.249500 -0.000016
-1.251000 -0.000016
-1.252500 -0.000016
-1.254000 -0.000016
-1.255500 -0.000016
-1.257000 -0.000016
-1.258500 -0.000016
-1.260000 -0.000016
-1.261500 -0.000016
-1.263000 -0.000016
-1.264500 -0.000016
-1.266000 -0.000016
-1.267500 -0.000016
-1.269000 -0.000016
-1.270500 -0.000016
-1.272000 -0.000016
-1.273500 -0.000016
-1.275000 -0.000016
-1.276500 -0.000016
-1.278000 -0.000016
-1.279500 -0.000016
-1.281000 -0.000016
-1.282500 -0.000016
-1.284000 -0.000017
-1.285500 -0.000017
-1.287000 -0.000017
-1.288500 -0.000017
-1.290000 -0.000017
-1.291500 -0.000017
-1.293000 -0.000017
-1.294500 -0.000017
-1.296000 -0.000017
-1.297500 -0.000017
-1.299000 -0.000017
-1.300500 -0.000017
-1.302000 -0.000017
-1.303500 -0.000017
-1.305000 -0.000017
-1.306500 -0.000017
-1.308000 -0.000017
-1.309500 -0.000017
-1.311000 -0.000017
-1.312500 -0.000017
-1.314000 -0.000017
-1.315500 -0.000017
-1.317000 -0.000017
-1.318500 -0.000017
-1.320000 -0.000017
-1.321500 -0.000017
-1.323000 -0.000017
-1.324500 -0.000017
-1.326000 -0.000017
-1.327500 -0.000017
-1.329000 -0.000017
-1.330500 -0.000017
-1.332000 -0.000017
-1.333500 -0.000017
-1.335000 -0.000017
-1.336500 -0.000018
-1.338000 -0.000018
-1.339500 -0.000018
-1.341000 -0.000018
-1.342500 -0.000018
-1.344000 -0.000018
-1.345500 -0.000018
-1.347000 -0.000018
-1.348500 -0.000018
-1.350000 -0.000018
-1.351500 -0.000018
-1.353000 -0.000018
-1.354500 -0.000018
-1.356000 -0.000018
-1.357500 -0.000018
-1.359000 -0.000018
-1.360500 -0.000018
-1.362000 -0.000018
-1.363500 -0.000018
-1.365000 -0.000018
-1.366500 -0.000018
-1.368000 -0.000018
-1.369500 -0.000018
-1.371000 -0.000018
-1.372500 -0.000018
-1.374000 -0.000018
-1.375500 -0.000018
-1.377000 -0.000018
-1.378500 -0.000018
-1.380000 -0.000018
-1.381500 -0.000018
-1.383000 -0.000018
-1.384500 -0.000018
-1.386000 -0.000018
-1.387500 -0.000018
-1.389000 -0.000018
-1.390500 -0.000018
-1.392000 -0.000018
-1.393500 -0.000019
-1.395000 -0.000019
-1.396500 -0.000019
-1.398000 -0.000019
-1.399500 -0.000019
-1.401000 -0.000019
-1.402500 -0.000019
-1.404000 -0.000019
-1.405500 -0.000019
-1.407000 -0.000019
-1.408500 -0.000019
-1.410000 -0.000019
-1.411500 -0.000019
-1.413000 -0.000019
-1.414500 -0.000019
-1.416000 -0.000019
-1.417500 -0.000019
-1.419000 -0.000019
-1.420500 -0.000019
-1.422000 -0.000019
-1.423500 -0.000019
-1.425000 -0.000019
-1.426500 -0.000019
-1.428000 -0.000019
-1.429500 -0.000019
-1.431000 -0.000019
-1.432500 -0.000019
-1.434000 -0.000019
-1.435500 -0.000019
-1.437000 -0.000019
-1.438500 -0.000019
-1.440000 -0.000019
-1.441500 -0.000019
-1.443000 -0.000019
-1.444500 -0.000019
-1.446000 -0.000019
-1.447500 -0.000020
-1.449000 -0.000020
-1.450500 -0.000020
-1.452000 -0.000020
-1.453500 -0.000020
-1.455000 -0.000020
-1.456500 -0.000020
-1.458000 -0.000020
-1.459500 -0.000020
-1.461000 -0.000020
-1.462500 -0.000020
-1.464000 -0.000020
-1.465500 -0.000020
-1.467000 -0.000020
-1.468500 -0.000020
-1.470000 -0.000020
-1.471500 -0.000020
-1.473000 -0.000020
-1.474500 -0.000020
-1.476000 -0.000020
-1.477500 -0.000020
-1.479000 -0.000020
-1.480500 -0.000020
-1.482000 -0.000020
-1.483500 -0.000020
-1.485000 -0.000020
-1.486500 -0.000020
-1.488000 -0.000020
-1.489500 -0.000020
-1.491000 -0.000020
-1.492500 -0.000020
-1.494000 -0.000020
-1.495500 -0.000020
-1.497000 -0.000020
-1.498500 -0.000020
-1.500000 -0.000021
