998.245006 1.000000
991.367001 1.000000
984.536339 1.000000
977.752694 1.000000
971.015742 1.000000
964.325162 1.000000
957.680634 1.000000
951.081842 1.000000
944.528471 1.000000
938.020208 1.000000
931.556743 1.000000
925.137767 1.000000
918.762974 1.000000
912.432060 1.000000
906.144723 1.000000
899.900663 1.000000
893.699583 1.000000
887.541185 1.000000
881.425177 1.000000
875.351267 1.000000
869.319164 1.000000
863.328582 1.000000
857.379234 1.000000
851.470837 1.000000
845.603109 1.000000
839.775769 1.000000
833.988540 1.000000
828.241145 1.000000
822.533312 1.000000
816.864766 1.000000
811.235238 1.000000
805.644459 1.000000
800.092163 1.000000
794.578084 1.000000
789.101960 1.000000
783.663529 1.000000
778.262531 1.000000
772.898710 1.000000
767.571810 1.000000
762.281575 1.000000
757.027754 1.000000
751.810096 1.000000
746.628353 1.000000
741.482276 1.000000
736.371621 1.000000
731.296144 1.000000
726.255602 1.000000
721.249755 1.000000
716.278364 1.000000
711.341193 1.000000
706.438005 1.000000
701.568566 1.000000
696.732645 1.000000
691.930011 1.000000
687.160434 1.000000
682.423687 1.000000
677.719544 1.000000
673.047781 1.000000
668.408174 1.000000
663.800503 1.000000
659.224547 1.000000
654.680088 1.000000
650.166910 1.000000
645.684797 1.000000
641.233535 1.000000
636.812913 1.000000
632.422718 1.000000
628.062742 1.000000
623.732776 1.000000
619.432614 1.000000
615.162052 1.000000
610.920884 1.000000
606.708909 1.000000
602.525927 1.000000
598.371736 1.000000
594.246140 1.000000
590.148940 1.000000
586.079943 1.000000
582.038954 1.000000
578.025779 1.000000
574.040228 1.000000
570.082110 1.000000
566.151237 1.000000
562.247421 1.000000
558.370475 1.000000
554.520216 1.000000
550.696458 1.000000
546.899020 1.000000
543.127721 1.000000
539.382380 1.000000
535.662819 1.000000
531.968861 1.000000
528.300329 1.000000
524.657048 1.000000
521.038845 1.000000
517.445546 1.000000
513.876981 1.000000
510.332979 1.000000
506.813371 1.000000
503.317989 1.000000
499.846667 1.000000
496.399238 1.000000
492.975539 1.000000
489.575406 1.000000
486.198677 1.000000
482.845190 1.000000
479.514786 1.000000
476.207306 1.000000
472.922592 1.000000
469.660487 1.000000
466.420836 1.000000
463.203484 1.000000
460.008278 1.000000
456.835065 1.000000
453.683694 1.000000
450.554015 1.000000
447.445878 1.000000
444.359134 1.000000
441.293638 1.000000
438.249241 1.000000
435.225800 1.000000
432.223170 1.000000
429.241208 1.000000
426.279771 1.000000
423.338718 1.000000
420.417909 1.000000
417.517205 1.000000
414.636467 1.000000
411.775557 1.000000
408.934340 1.000000
406.112679 1.000000
403.310441 1.000000
400.527490 1.000000
397.763696 1.000000
395.018925 1.000000
392.293047 1.000000
389.585931 1.000000
386.897450 1.000000
384.227473 1.000000
381.575875 1.000000
378.942528 1.000000
376.327307 1.000000
373.730087 1.000000
371.150745 1.000000
368.589156 1.000000
366.045200 1.000000
363.518753 1.000000
361.009697 1.000000
358.517912 1.000000
356.043278 1.000000
353.585677 1.000000
351.144992 1.000000
348.721107 1.000000
346.313906 1.000000
343.923275 1.000000
341.549098 1.000000
339.191264 1.000000
336.849659 1.000000
334.524171 1.000000
332.214691 1.000000
329.921107 1.000000
327.643310 1.000000
325.381192 1.000000
323.134645 1.000000
320.903561 1.000000
318.687834 1.000000
316.487358 1.000000
314.302028 1.000000
312.131741 1.000000
309.976392 1.000000
307.835879 1.000000
305.710099 1.000000
303.598952 1.000000
301.502336 1.000000
299.420152 1.000000
297.352299 1.000000
295.298680 1.000000
293.259197 1.000000
291.233751 1.000000
289.222247 1.000000
287.224589 1.000000
285.240681 1.000000
283.270429 1.000000
281.313738 1.000000
279.370516 1.000000
277.440669 1.000000
275.524106 1.000000
273.620735 1.000000
271.730465 1.000000
269.853206 1.000000
267.988869 1.000000
266.137365 1.000000
264.298604 1.000000
262.472500 1.000000
260.658966 1.000000
258.857915 1.000000
257.069260 1.000000
255.292918 1.000000
253.528802 1.000000
251.776829 1.000000
250.036915 1.000000
248.308977 1.000000
246.592933 1.000000
244.888701 1.000000
243.196200 1.000000
241.515348 1.000000
239.846066 1.000000
238.188274 1.000000
236.541893 1.000000
234.906844 1.000000
233.283050 1.000000
231.670433 1.000000
230.068915 1.000000
228.478421 1.000000
226.898875 1.000000
225.330201 1.000000
223.772325 1.000000
222.225172 1.000000
220.688668 1.000000
219.162740 1.000000
217.647315 1.000000
216.142322 1.000000
214.647688 1.000000
213.163341 1.000000
211.689212 1.000000
210.225229 1.000000
208.771323 1.000000
207.327425 1.000000
205.893465 1.000000
204.469376 1.000000
203.055089 1.000000
201.650536 1.000000
200.255652 1.000000
198.870369 1.000000
197.494621 1.000000
196.128342 1.000000
194.771468 1.000000
193.423934 1.000000
192.085675 1.000000
190.756627 1.000000
189.436727 1.000000
188.125913 1.000000
186.824121 1.000000
185.531290 1.000000
184.247358 1.000000
182.972263 1.000000
181.705945 1.000000
180.448343 1.000000
179.199397 1.000000
177.959048 1.000000
176.727237 1.000000
175.503905 1.000000
174.288993 1.000000
173.082443 1.000000
171.884199 1.000000
170.694202 1.000000
169.512396 1.000000
168.338725 1.000000
167.173133 1.000000
166.015563 1.000000
164.865961 1.000000
163.724272 1.000000
162.590442 1.000000
161.464416 1.000000
160.346141 1.000000
159.235563 1.000000
158.132629 1.000000
157.037287 1.000000
155.949485 1.000000
154.869170 1.000000
153.796291 1.000000
152.730797 1.000000
151.672637 1.000000
150.621760 1.000000
149.578117 1.000000
148.541658 1.000000
147.512332 1.000000
146.490092 1.000000
145.474888 1.000000
144.466672 1.000000
143.465395 1.000000
142.471011 1.000000
141.483471 1.000000
140.502729 1.000000
139.528737 1.000000
138.561449 1.000000
137.600820 1.000000
136.646802 1.000000
135.699352 1.000000
134.758422 1.000000
133.823970 1.000000
132.895949 1.000000
131.974316 1.000000
131.059027 1.000000
130.150039 1.000000
129.247306 1.000000
128.350788 1.000000
127.460440 1.000000
126.576221 1.000000
125.698088 1.000000
124.826000 1.000000
123.959914 1.000000
123.099790 1.000000
122.245586 1.000000
121.397262 1.000000
120.554777 1.000000
119.718091 1.000000
118.887164 1.000000
118.061956 1.000000
117.242429 1.000000
116.428543 1.000000
115.620258 1.000000
114.817537 1.000000
114.020342 1.000000
113.228634 1.000000
112.442375 1.000000
111.661528 1.000000
110.886056 1.000000
110.115922 1.000000
109.351089 1.000000
108.591520 1.000000
107.837180 1.000000
107.088031 1.000000
106.344040 1.000000
105.605169 1.000000
104.871384 1.000000
104.142650 1.000000
103.418932 1.000000
102.700195 1.000000
101.986406 1.000000
101.277530 1.000000
100.573533 1.000000
99.874382 1.000000
99.180043 1.000000
98.490484 1.000000
97.805671 1.000000
97.125571 1.000000
96.450153 1.000000
95.779384 1.000000
95.113232 1.000000
94.451666 1.000000
93.794653 1.000000
93.142162 1.000000
92.494162 1.000000
91.850623 1.000000
91.211514 1.000000
90.576803 1.000000
89.946462 1.000000
89.320459 1.000000
88.698765 1.000000
88.081350 1.000000
87.468185 1.000000
86.859241 1.000000
86.254488 1.000000
85.653898 1.000000
85.057442 1.000000
84.465091 1.000000
83.876818 1.000000
83.292593 1.000000
82.712390 1.000000
82.136181 1.000000
81.563938 1.000000
80.995634 1.000000
80.431241 1.000000
79.870734 1.000000
79.314084 1.000000
78.761266 1.000000
78.212253 1.000000
77.667019 1.000000
77.125538 1.000000
76.587785 1.000000
76.053732 1.000000
75.523356 1.000001
74.996630 1.000001
74.473530 1.000001
73.954031 1.000001
73.438107 1.000001
72.925734 1.000001
72.416889 1.000001
71.911545 1.000001
71.409681 1.000001
70.911270 1.000001
70.416290 1.000001
69.924718 1.000001
69.436529 1.000001
68.951700 1.000001
68.470208 1.000001
67.992031 1.000001
67.517145 1.000001
67.045527 1.000001
66.577156 1.000001
66.112009 1.000001
65.650064 1.000001
65.191298 1.000001
64.735690 1.000001
64.283218 1.000001
63.833860 1.000001
63.387596 1.000001
62.944403 1.000001
62.504261 1.000001
62.067148 1.000001
61.633044 1.000001
61.201928 1.000001
60.773780 1.000001
60.348578 1.000001
59.926304 1.000001
59.506936 1.000001
59.090454 1.000001
58.676840 1.000001
58.266072 1.000001
57.858132 1.000001
57.452999 1.000001
57.050655 1.000001
56.651081 1.000001
56.254257 1.000001
55.860165 1.000001
55.468785 1.000001
55.080099 1.000001
54.694088 1.000001
54.310734 1.000001
53.930019 1.000001
53.551925 1.000001
53.176433 1.000001
52.803526 1.000001
52.433185 1.000001
52.065394 1.000001
51.700134 1.000002
51.337388 1.000002
50.977140 1.000002
50.619371 1.000002
50.264064 1.000002
49.911203 1.000002
49.560771 1.000002
49.212751 1.000002
48.867127 1.000002
48.523881 1.000002
48.182998 1.000002
47.844462 1.000002
47.508256 1.000002
47.174363 1.000002
46.842770 1.000002
46.513458 1.000002
46.186413 1.000002
45.861620 1.000002
45.539062 1.000002
45.218724 1.000002
44.900591 1.000002
44.584648 1.000002
44.270880 1.000002
43.959271 1.000002
43.649808 1.000003
43.342474 1.000003
43.037256 1.000003
42.734139 1.000003
42.433108 1.000003
42.134149 1.000003
41.837248 1.000003
41.542390 1.000003
41.249563 1.000003
40.958750 1.000003
40.669940 1.000003
40.383117 1.000003
40.098269 1.000003
39.815381 1.000003
39.534441 1.000003
39.255434 1.000003
38.978348 1.000003
38.703169 1.000004
38.429884 1.000004
38.158480 1.000004
37.888944 1.000004
37.621264 1.000004
37.355426 1.000004
37.091418 1.000004
36.829227 1.000004
36.568841 1.000004
36.310247 1.000004
36.053433 1.000004
35.798387 1.000004
35.545096 1.000005
35.293549 1.000005
35.043733 1.000005
34.795636 1.000005
34.549248 1.000005
34.304555 1.000005
34.061547 1.000005
33.820211 1.000005
33.580537 1.000005
33.342512 1.000005
33.106125 1.000006
32.871366 1.000006
32.638223 1.000006
32.406684 1.000006
32.176739 1.000006
31.948377 1.000006
31.721587 1.000006
31.496357 1.000006
31.272678 1.000007
31.050539 1.000007
30.829929 1.000007
30.610837 1.000007
30.393253 1.000007
30.177167 1.000007
29.962568 1.000007
29.749447 1.000008
29.537792 1.000008
29.327594 1.000008
29.118843 1.000008
28.911529 1.000008
28.705642 1.000008
28.501172 1.000009
28.298110 1.000009
28.096445 1.000009
27.896168 1.000009
27.697270 1.000009
27.499741 1.000009
27.303572 1.000010
27.108752 1.000010
26.915274 1.000010
26.723128 1.000010
26.532304 1.000010
26.342793 1.000011
26.154587 1.000011
25.967677 1.000011
25.782053 1.000011
25.597707 1.000012
25.414629 1.000012
25.232812 1.000012
25.052246 1.000012
24.872924 1.000013
24.694835 1.000013
24.517972 1.000013
24.342327 1.000013
24.167891 1.000014
23.994655 1.000014
23.822612 1.000014
23.651753 1.000014
23.482070 1.000015
23.313555 1.000015
23.146200 1.000015
22.979996 1.000016
22.814937 1.000016
22.651014 1.000016
22.488220 1.000017
22.326545 1.000017
22.165984 1.000017
22.006528 1.000018
21.848169 1.000018
21.690901 1.000019
21.534715 1.000019
21.379604 1.000019
21.225560 1.000020
21.072577 1.000020
20.920647 1.000020
20.769763 1.000021
20.619918 1.000021
20.471103 1.000022
20.323313 1.000022
20.176541 1.000023
20.030778 1.000023
19.886019 1.000024
19.742257 1.000024
19.599483 1.000025
19.457693 1.000025
19.316879 1.000026
19.177033 1.000026
19.038151 1.000027
18.900224 1.000027
18.763247 1.000028
18.627213 1.000028
18.492115 1.000029
18.357946 1.000029
18.224702 1.000030
18.092374 1.000031
17.960958 1.000031
17.830445 1.000032
17.700832 1.000033
17.572110 1.000033
17.444275 1.000034
17.317319 1.000035
17.191237 1.000035
17.066023 1.000036
16.941671 1.000037
16.818175 1.000038
16.695529 1.000038
16.573727 1.000039
16.452763 1.000040
16.332633 1.000041
16.213329 1.000042
16.094846 1.000042
15.977178 1.000043
15.860321 1.000044
15.744268 1.000045
15.629014 1.000046
15.514553 1.000047
15.400880 1.000048
15.287990 1.000049
15.175876 1.000050
15.064534 1.000051
14.953959 1.000052
14.844145 1.000053
14.735086 1.000054
14.626778 1.000055
14.519216 1.000056
14.412394 1.000057
14.306308 1.000059
14.200951 1.000060
14.096320 1.000061
13.992409 1.000062
13.889213 1.000063
13.786728 1.000065
13.684948 1.000066
13.583868 1.000067
13.483484 1.000069
13.383792 1.000070
13.284785 1.000072
13.186460 1.000073
13.088812 1.000074
12.991836 1.000076
12.895527 1.000078
12.799881 1.000079
12.704894 1.000081
12.610561 1.000082
12.516876 1.000084
12.423837 1.000086
12.331438 1.000087
12.239675 1.000089
12.148544 1.000091
12.058040 1.000093
11.968158 1.000095
11.878896 1.000097
11.790248 1.000099
11.702210 1.000101
11.614778 1.000103
11.527948 1.000105
11.441716 1.000107
11.356077 1.000109
11.271028 1.000111
11.186564 1.000113
11.102681 1.000116
11.019376 1.000118
10.936644 1.000120
10.854482 1.000123
10.772885 1.000125
10.691850 1.000128
10.611372 1.000130
10.531449 1.000133
10.452076 1.000136
10.373249 1.000138
10.294964 1.000141
10.217219 1.000144
10.140009 1.000147
10.063330 1.000150
9.987178 1.000153
9.911552 1.000156
9.836445 1.000159
9.761856 1.000162
9.687780 1.000165
9.614214 1.000169
9.541154 1.000172
9.468597 1.000175
9.396539 1.000179
9.324978 1.000183
9.253909 1.000186
9.183329 1.000190
9.113235 1.000194
9.043624 1.000198
8.974492 1.000201
8.905835 1.000205
8.837651 1.000210
8.769937 1.000214
8.702688 1.000218
8.635903 1.000222
8.569577 1.000227
8.503708 1.000231
8.438292 1.000236
8.373326 1.000241
8.308808 1.000245
8.244733 1.000250
8.181100 1.000255
8.117904 1.000260
8.055144 1.000265
7.992816 1.000271
7.930916 1.000276
7.869443 1.000281
7.808393 1.000287
7.747763 1.000293
7.687550 1.000298
7.627752 1.000304
7.568366 1.000310
7.509388 1.000317
7.450816 1.000323
7.392647 1.000329
7.334879 1.000336
7.277508 1.000342
7.220533 1.000349
7.163949 1.000356
7.107755 1.000363
7.051948 1.000370
6.996524 1.000377
6.941483 1.000385
6.886820 1.000392
6.832533 1.000400
6.778620 1.000408
6.725079 1.000416
6.671905 1.000424
6.619098 1.000432
6.566654 1.000441
6.514571 1.000449
6.462847 1.000458
6.411479 1.000467
6.360464 1.000476
6.309801 1.000485
6.259486 1.000495
6.209517 1.000505
6.159893 1.000514
6.110610 1.000524
6.061666 1.000535
6.013059 1.000545
5.964787 1.000556
5.916847 1.000566
5.869237 1.000577
5.821954 1.000589
5.774998 1.000600
5.728364 1.000612
5.682051 1.000623
5.636057 1.000636
5.590380 1.000648
5.545017 1.000660
5.499966 1.000673
5.455226 1.000686
5.410793 1.000699
5.366666 1.000713
5.322843 1.000726
5.279322 1.000740
5.236100 1.000755
5.193176 1.000769
5.150547 1.000784
5.108211 1.000799
5.066167 1.000814
5.024413 1.000830
4.982945 1.000846
4.941764 1.000862
4.900865 1.000878
4.860248 1.000895
4.819911 1.000912
4.779852 1.000930
4.740068 1.000947
4.700558 1.000965
4.661320 1.000984
4.622352 1.001003
4.583652 1.001022
4.545218 1.001041
4.507050 1.001061
4.469143 1.001081
4.431498 1.001101
4.394112 1.001122
4.356983 1.001143
4.320110 1.001165
4.283491 1.001187
4.247123 1.001209
4.211006 1.001232
4.175138 1.001255
4.139516 1.001279
4.104140 1.001303
4.069007 1.001327
4.034116 1.001352
3.999465 1.001377
3.965053 1.001403
3.930878 1.001429
3.896937 1.001456
3.863231 1.001483
3.829756 1.001510
3.796512 1.001539
3.763497 1.001567
3.730709 1.001596
3.698146 1.001626
3.665808 1.001656
3.633692 1.001686
3.601798 1.001717
3.570122 1.001749
3.538665 1.001781
3.507425 1.001814
3.476399 1.001847
3.445587 1.001881
3.414987 1.001916
3.384598 1.001951
3.354418 1.001987
3.324446 1.002023
3.294680 1.002060
3.265119 1.002097
3.235761 1.002135
3.206605 1.002174
3.177650 1.002213
3.148895 1.002254
3.120337 1.002294
3.091976 1.002336
3.063810 1.002378
3.035838 1.002421
3.008059 1.002464
2.980470 1.002508
2.953072 1.002553
2.925862 1.002599
2.898840 1.002645
2.872003 1.002692
2.845351 1.002740
2.818883 1.002789
2.792597 1.002839
2.766492 1.002889
2.740566 1.002940
2.714819 1.002992
2.689249 1.003044
2.663855 1.003098
2.638636 1.003152
2.613591 1.003208
2.588718 1.003264
2.564016 1.003321
2.539484 1.003379
2.515121 1.003437
2.490926 1.003497
2.466897 1.003557
2.443034 1.003619
2.419335 1.003681
2.395799 1.003745
2.372425 1.003809
2.349212 1.003874
2.326158 1.003941
2.303264 1.004008
2.280527 1.004076
2.257946 1.004145
2.235521 1.004215
2.213250 1.004287
2.191133 1.004359
2.169168 1.004432
2.147354 1.004507
2.125690 1.004582
2.104175 1.004659
2.082808 1.004736
2.061589 1.004815
2.040515 1.004895
2.019587 1.004976
1.998802 1.005058
1.978161 1.005141
1.957662 1.005225
1.937304 1.005310
1.917085 1.005397
1.897007 1.005485
1.877066 1.005573
1.857263 1.005663
1.837595 1.005755
1.818064 1.005847
1.798666 1.005940
1.779403 1.006035
1.760271 1.006131
1.741272 1.006228
1.722403 1.006327
1.703664 1.006426
1.685054 1.006527
1.666573 1.006629
1.648218 1.006732
1.629990 1.006836
1.611887 1.006942
1.593909 1.007049
1.576055 1.007157
1.558323 1.007266
1.540714 1.007377
1.523225 1.007489
1.505858 1.007602
1.488609 1.007716
1.471480 1.007832
1.454468 1.007948
1.437573 1.008066
1.420795 1.008185
1.404132 1.008306
1.387584 1.008427
1.371150 1.008550
1.354829 1.008674
1.338620 1.008799
1.322523 1.008926
1.306536 1.009053
1.290660 1.009182
1.274893 1.009312
1.259234 1.009443
1.243684 1.009575
1.228240 1.009708
1.212902 1.009843
1.197671 1.009978
1.182544 1.010115
1.167521 1.010253
1.152601 1.010391
1.137784 1.010531
1.123070 1.010672
1.108456 1.010814
1.093943 1.010957
1.079530 1.011100
1.065216 1.011245
1.051001 1.011391
1.036884 1.011537
1.022863 1.011685
1.008940 1.011833
0.995112 1.011982
0.981379 1.012132
0.967741 1.012283
0.954196 1.012434
0.940745 1.012586
0.927387 1.012739
0.914120 1.012892
0.900945 1.013046
0.887860 1.013201
0.874866 1.013356
0.861961 1.013512
0.849144 1.013668
0.836416 1.013824
0.823776 1.013981
0.811222 1.014139
0.798755 1.014296
0.786374 1.014454
0.774078 1.014612
0.761867 1.014771
0.749740 1.014929
0.737696 1.015088
0.725735 1.015246
0.713856 1.015405
0.702060 1.015563
0.690344 1.015722
0.678709 1.015880
0.667154 1.016038
0.655679 1.016196
0.644282 1.016354
0.632964 1.016511
0.621724 1.016668
0.610562 1.016825
0.599476 1.016981
0.588466 1.017136
0.577533 1.017291
0.566674 1.017445
0.555890 1.017598
0.545181 1.017751
0.534545 1.017903
0.523983 1.018054
0.513493 1.018204
0.503075 1.018353
0.492729 1.018501
0.482454 1.018648
0.472250 1.018794
0.462116 1.018938
0.452052 1.019082
0.442058 1.019224
0.432132 1.019364
0.422274 1.019503
0.412484 1.019641
0.402762 1.019777
0.393106 1.019912
0.383517 1.020045
0.373994 1.020176
0.364537 1.020306
0.355144 1.020433
0.345817 1.020559
0.336553 1.020683
0.327353 1.020805
0.318217 1.020925
0.309143 1.021043
0.300132 1.021159
0.291183 1.021273
0.282296 1.021384
0.273469 1.021494
0.264704 1.021601
0.255999 1.021705
0.247353 1.021808
0.238768 1.021908
0.230241 1.022005
0.221773 1.022101
0.213363 1.022193
0.205011 1.022283
0.196717 1.022371
0.188480 1.022456
0.180299 1.022538
0.172175 1.022618
0.164107 1.022695
0.156094 1.022769
0.148136 1.022841
0.140233 1.022910
0.132385 1.022976
0.124591 1.023039
0.116850 1.023100
0.109162 1.023157
0.101528 1.023212
0.093946 1.023264
0.086416 1.023313
0.078938 1.023360
0.071511 1.023403
0.064136 1.023444
0.056811 1.023481
0.049537 1.023516
0.042313 1.023548
0.035138 1.023577
0.028013 1.023603
0.020937 1.023626
0.013910 1.023646
0.006931 1.023663
0.000000 1.023678
