998.245006 0.001000
991.367001 0.001007
984.536339 0.001014
977.752694 0.001021
971.015742 0.001028
964.325162 0.001035
957.680634 0.001042
951.081842 0.001050
944.528471 0.001057
938.020208 0.001064
931.556743 0.001072
925.137767 0.001079
918.762974 0.001086
912.432060 0.001094
906.144723 0.001102
899.900663 0.001109
893.699583 0.001117
887.541185 0.001125
881.425177 0.001132
875.351267 0.001140
869.319164 0.001148
863.328582 0.001156
857.379234 0.001164
851.470837 0.001172
845.603109 0.001180
839.775769 0.001188
833.988540 0.001197
828.241145 0.001205
822.533312 0.001213
816.864766 0.001222
811.235238 0.001230
805.644459 0.001239
800.092163 0.001247
794.578084 0.001256
789.101960 0.001265
783.663529 0.001273
778.262531 0.001282
772.898710 0.001291
767.571810 0.001300
762.281575 0.001309
757.027754 0.001318
751.810096 0.001327
746.628353 0.001337
741.482276 0.001346
736.371621 0.001355
731.296144 0.001365
726.255602 0.001374
721.249755 0.001384
716.278364 0.001393
711.341193 0.001403
706.438005 0.001412
701.568566 0.001422
696.732645 0.001432
691.930011 0.001442
687.160434 0.001452
682.423687 0.001462
677.719544 0.001472
673.047781 0.001482
668.408174 0.001493
663.800503 0.001503
659.224547 0.001513
654.680088 0.001524
650.166910 0.001535
645.684797 0.001545
641.233535 0.001556
636.812913 0.001567
632.422718 0.001578
628.062742 0.001588
623.732776 0.001599
619.432614 0.001611
615.162052 0.001622
610.920884 0.001633
606.708909 0.001644
602.525927 0.001656
598.371736 0.001667
594.246140 0.001679
590.148940 0.001690
586.079943 0.001702
582.038954 0.001714
578.025779 0.001726
574.040228 0.001738
570.082110 0.001750
566.151237 0.001762
562.247421 0.001774
558.370475 0.001786
554.520216 0.001799
550.696458 0.001811
546.899020 0.001824
543.127721 0.001836
539.382380 0.001849
535.662819 0.001862
531.968861 0.001875
528.300329 0.001888
524.657048 0.001901
521.038845 0.001914
517.445546 0.001927
513.876981 0.001941
510.332979 0.001954
506.813371 0.001968
503.317989 0.001981
499.846667 0.001995
496.399238 0.002009
492.975539 0.002023
489.575406 0.002037
486.198677 0.002051
482.845190 0.002065
479.514786 0.002080
476.207306 0.002094
472.922592 0.002108
469.660487 0.002123
466.420836 0.002138
463.203484 0.002153
460.008278 0.002168
456.835065 0.002183
453.683694 0.002198
450.554015 0.002213
447.445878 0.002228
444.359134 0.002244
441.293638 0.002259
438.249241 0.002275
435.225800 0.002291
432.223170 0.002307
429.241208 0.002323
426.279771 0.002339
423.338718 0.002355
420.417909 0.002371
417.517205 0.002388
414.636467 0.002404
411.775557 0.002421
408.934340 0.002438
406.112679 0.002454
403.310441 0.002471
400.527490 0.002489
397.763696 0.002506
395.018925 0.002523
392.293047 0.002541
389.585931 0.002558
386.897450 0.002576
384.227473 0.002594
381.575875 0.002612
378.942528 0.002630
376.327307 0.002648
373.730087 0.002667
371.150745 0.002685
368.589156 0.002704
366.045200 0.002722
363.518753 0.002741
361.009697 0.002760
358.517912 0.002779
356.043278 0.002799
353.585677 0.002818
351.144992 0.002838
348.721107 0.002857
346.313906 0.002877
343.923275 0.002897
341.549098 0.002917
339.191264 0.002937
336.849659 0.002958
334.524171 0.002978
332.214691 0.002999
329.921107 0.003020
327.643310 0.003041
325.381192 0.003062
323.134645 0.003083
320.903561 0.003104
318.687834 0.003126
316.487358 0.003147
314.302028 0.003169
312.131741 0.003191
309.976392 0.003213
307.835879 0.003236
305.710099 0.003258
303.598952 0.003281
301.502336 0.003303
299.420152 0.003326
297.352299 0.003349
295.298680 0.003372
293.259197 0.003396
291.233751 0.003419
289.222247 0.003443
287.224589 0.003467
285.240681 0.003491
283.270429 0.003515
281.313738 0.003539
279.370516 0.003564
277.440669 0.003589
275.524106 0.003614
273.620735 0.003639
271.730465 0.003664
269.853206 0.003689
267.988869 0.003715
266.137365 0.003741
264.298604 0.003766
262.472500 0.003793
260.658966 0.003819
258.857915 0.003845
257.069260 0.003872
255.292918 0.003899
253.528802 0.003926
251.776829 0.003953
250.036915 0.003980
248.308977 0.004008
246.592933 0.004036
244.888701 0.004064
243.196200 0.004092
241.515348 0.004120
239.846066 0.004149
238.188274 0.004178
236.541893 0.004207
234.906844 0.004236
233.283050 0.004265
231.670433 0.004295
230.068915 0.004324
228.478421 0.004354
226.898875 0.004385
225.330201 0.004415
223.772325 0.004446
222.225172 0.004476
220.688668 0.004507
219.162740 0.004539
217.647315 0.004570
216.142322 0.004602
214.647688 0.004634
213.163341 0.004666
211.689212 0.004698
210.225229 0.004731
208.771323 0.004763
207.327425 0.004797
205.893465 0.004830
204.469376 0.004863
203.055089 0.004897
201.650536 0.004931
200.255652 0.004965
198.870369 0.004999
197.494621 0.005034
196.128342 0.005069
194.771468 0.005104
193.423934 0.005140
192.085675 0.005175
190.756627 0.005211
189.436727 0.005247
188.125913 0.005283
186.824121 0.005320
185.531290 0.005357
184.247358 0.005394
182.972263 0.005431
181.705945 0.005469
180.448343 0.005507
179.199397 0.005545
177.959048 0.005584
176.727237 0.005622
175.503905 0.005661
174.288993 0.005701
173.082443 0.005740
171.884199 0.005780
170.694202 0.005820
169.512396 0.005860
168.338725 0.005901
167.173133 0.005942
166.015563 0.005983
164.865961 0.006024
163.724272 0.006066
162.590442 0.006108
161.464416 0.006151
160.346141 0.006193
159.235563 0.006236
158.132629 0.006279
157.037287 0.006323
155.949485 0.006367
154.869170 0.006411
153.796291 0.006455
152.730797 0.006500
151.672637 0.006545
150.621760 0.006590
149.578117 0.006636
148.541658 0.006682
147.512332 0.006728
146.490092 0.006775
145.474888 0.006822
144.466672 0.006869
143.465395 0.006917
142.471011 0.006965
141.483471 0.007013
140.502729 0.007062
139.528737 0.007111
138.561449 0.007160
137.600820 0.007210
136.646802 0.007259
135.699352 0.007310
134.758422 0.007360
133.823970 0.007411
132.895949 0.007463
131.974316 0.007515
131.059027 0.007567
130.150039 0.007619
129.247306 0.007672
128.350788 0.007725
127.460440 0.007779
126.576221 0.007833
125.698088 0.007887
124.826000 0.007941
123.959914 0.007997
123.099790 0.008052
122.245586 0.008108
121.397262 0.008164
120.554777 0.008221
119.718091 0.008278
118.887164 0.008335
118.061956 0.008393
117.242429 0.008451
116.428543 0.008509
115.620258 0.008568
114.817537 0.008628
114.020342 0.008688
113.228634 0.008748
112.442375 0.008808
111.661528 0.008869
110.886056 0.008931
110.115922 0.008993
109.351089 0.009055
108.591520 0.009118
107.837180 0.009181
107.088031 0.009245
106.344040 0.009309
105.605169 0.009373
104.871384 0.009438
104.142650 0.009504
103.418932 0.009570
102.700195 0.009636
101.986406 0.009703
101.277530 0.009770
100.573533 0.009838
99.874382 0.009906
99.180043 0.009974
98.490484 0.010044
97.805671 0.010113
97.125571 0.010183
96.450153 0.010254
95.779384 0.010325
95.113232 0.010397
94.451666 0.010469
93.794653 0.010541
93.142162 0.010614
92.494162 0.010688
91.850623 0.010762
91.211514 0.010836
90.576803 0.010912
89.946462 0.010987
89.320459 0.011063
88.698765 0.011140
88.081350 0.011217
87.468185 0.011295
86.859241 0.011373
86.254488 0.011452
85.653898 0.011531
85.057442 0.011611
84.465091 0.011692
83.876818 0.011773
83.292593 0.011854
82.712390 0.011937
82.136181 0.012019
81.563938 0.012103
80.995634 0.012187
80.431241 0.012271
79.870734 0.012356
79.314084 0.012442
78.761266 0.012528
78.212253 0.012615
77.667019 0.012702
77.125538 0.012790
76.587785 0.012879
76.053732 0.012968
75.523356 0.013058
74.996630 0.013149
74.473530 0.013240
73.954031 0.013331
73.438107 0.013424
72.925734 0.013517
72.416889 0.013611
71.911545 0.013705
71.409681 0.013800
70.911270 0.013896
70.416290 0.013992
69.924718 0.014089
69.436529 0.014186
68.951700 0.014285
68.470208 0.014384
67.992031 0.014483
67.517145 0.014584
67.045527 0.014685
66.577156 0.014787
66.112009 0.014889
65.650064 0.014992
65.191298 0.015096
64.735690 0.015201
64.283218 0.015306
63.833860 0.015412
63.387596 0.015519
62.944403 0.015627
62.504261 0.015735
62.067148 0.015844
61.633044 0.015954
61.201928 0.016065
60.773780 0.016176
60.348578 0.016288
59.926304 0.016401
59.506936 0.016515
59.090454 0.016629
58.676840 0.016744
58.266072 0.016860
57.858132 0.016977
57.452999 0.017095
57.050655 0.017213
56.651081 0.017333
56.254257 0.017453
55.860165 0.017574
55.468785 0.017695
55.080099 0.017818
54.694088 0.017942
54.310734 0.018066
53.930019 0.018191
53.551925 0.018317
53.176433 0.018444
52.803526 0.018572
52.433185 0.018701
52.065394 0.018830
51.700134 0.018961
51.337388 0.019092
50.977140 0.019225
50.619371 0.019358
50.264064 0.019492
49.911203 0.019627
49.560771 0.019763
49.212751 0.019900
48.867127 0.020038
48.523881 0.020177
48.182998 0.020317
47.844462 0.020458
47.508256 0.020599
47.174363 0.020742
46.842770 0.020886
46.513458 0.021031
46.186413 0.021176
45.861620 0.021323
45.539062 0.021471
45.218724 0.021620
44.900591 0.021770
44.584648 0.021921
44.270880 0.022072
43.959271 0.022225
43.649808 0.022379
43.342474 0.022535
43.037256 0.022691
42.734139 0.022848
42.433108 0.023006
42.134149 0.023166
41.837248 0.023326
41.542390 0.023488
41.249563 0.023651
40.958750 0.023815
40.669940 0.023980
40.383117 0.024146
40.098269 0.024313
39.815381 0.024482
39.534441 0.024652
39.255434 0.024822
38.978348 0.024994
38.703169 0.025168
38.429884 0.025342
38.158480 0.025518
37.888944 0.025695
37.621264 0.025873
37.355426 0.026052
37.091418 0.026233
36.829227 0.026414
36.568841 0.026597
36.310247 0.026782
36.053433 0.026967
35.798387 0.027154
35.545096 0.027343
35.293549 0.027532
35.043733 0.027723
34.795636 0.027915
34.549248 0.028108
34.304555 0.028303
34.061547 0.028499
33.820211 0.028697
33.580537 0.028896
33.342512 0.029096
33.106125 0.029298
32.871366 0.029501
32.638223 0.029705
32.406684 0.029911
32.176739 0.030118
31.948377 0.030327
31.721587 0.030537
31.496357 0.030749
31.272678 0.030962
31.050539 0.031177
30.829929 0.031393
30.610837 0.031610
30.393253 0.031829
30.177167 0.032050
29.962568 0.032272
29.749447 0.032496
29.537792 0.032721
29.327594 0.032948
29.118843 0.033176
28.911529 0.033406
28.705642 0.033638
28.501172 0.033871
28.298110 0.034106
28.096445 0.034342
27.896168 0.034580
27.697270 0.034820
27.499741 0.035061
27.303572 0.035304
27.108752 0.035549
26.915274 0.035795
26.723128 0.036043
26.532304 0.036293
26.342793 0.036544
26.154587 0.036798
25.967677 0.037053
25.782053 0.037309
25.597707 0.037568
25.414629 0.037828
25.232812 0.038091
25.052246 0.038355
24.872924 0.038620
24.694835 0.038888
24.517972 0.039157
24.342327 0.039429
24.167891 0.039702
23.994655 0.039977
23.822612 0.040254
23.651753 0.040533
23.482070 0.040814
23.313555 0.041097
23.146200 0.041382
22.979996 0.041669
22.814937 0.041957
22.651014 0.042248
22.488220 0.042541
22.326545 0.042836
22.165984 0.043133
22.006528 0.043432
21.848169 0.043733
21.690901 0.044036
21.534715 0.044341
21.379604 0.044648
21.225560 0.044958
21.072577 0.045269
20.920647 0.045583
20.769763 0.045899
20.619918 0.046217
20.471103 0.046537
20.323313 0.046860
20.176541 0.047184
20.030778 0.047511
19.886019 0.047841
19.742257 0.048172
19.599483 0.048506
19.457693 0.048842
19.316879 0.049181
19.177033 0.049521
19.038151 0.049864
18.900224 0.050210
18.763247 0.050558
18.627213 0.050908
18.492115 0.051261
18.357946 0.051616
18.224702 0.051974
18.092374 0.052334
17.960958 0.052697
17.830445 0.053062
17.700832 0.053430
17.572110 0.053800
17.444275 0.054173
17.317319 0.054548
17.191237 0.054926
17.066023 0.055307
16.941671 0.055690
16.818175 0.056076
16.695529 0.056464
16.573727 0.056856
16.452763 0.057250
16.332633 0.057646
16.213329 0.058046
16.094846 0.058448
15.977178 0.058853
15.860321 0.059261
15.744268 0.059671
15.629014 0.060085
15.514553 0.060501
15.400880 0.060920
15.287990 0.061343
15.175876 0.061768
15.064534 0.062196
14.953959 0.062627
14.844145 0.063060
14.735086 0.063497
14.626778 0.063937
14.519216 0.064380
14.412394 0.064826
14.306308 0.065275
14.200951 0.065728
14.096320 0.066183
13.992409 0.066642
13.889213 0.067103
13.786728 0.067568
13.684948 0.068036
13.583868 0.068508
13.483484 0.068982
13.383792 0.069460
13.284785 0.069942
13.186460 0.070426
13.088812 0.070914
12.991836 0.071405
12.895527 0.071900
12.799881 0.072398
12.704894 0.072900
12.610561 0.073405
12.516876 0.073913
12.423837 0.074425
12.331438 0.074941
12.239675 0.075460
12.148544 0.075982
12.058040 0.076509
11.968158 0.077039
11.878896 0.077572
11.790248 0.078110
11.702210 0.078651
11.614778 0.079196
11.527948 0.079744
11.441716 0.080296
11.356077 0.080853
11.271028 0.081413
11.186564 0.081976
11.102681 0.082544
11.019376 0.083116
10.936644 0.083692
10.854482 0.084271
10.772885 0.084855
10.691850 0.085442
10.611372 0.086034
10.531449 0.086630
10.452076 0.087230
10.373249 0.087834
10.294964 0.088442
10.217219 0.089055
10.140009 0.089671
10.063330 0.090292
9.987178 0.090917
9.911552 0.091547
9.836445 0.092181
9.761856 0.092819
9.687780 0.093462
9.614214 0.094109
9.541154 0.094760
9.468597 0.095416
9.396539 0.096077
9.324978 0.096742
9.253909 0.097412
9.183329 0.098086
9.113235 0.098765
9.043624 0.099449
8.974492 0.100137
8.905835 0.100830
8.837651 0.101528
8.769937 0.102231
8.702688 0.102939
8.635903 0.103651
8.569577 0.104368
8.503708 0.105091
8.438292 0.105818
8.373326 0.106550
8.308808 0.107288
8.244733 0.108030
8.181100 0.108778
8.117904 0.109530
8.055144 0.110288
7.992816 0.111051
7.930916 0.111820
7.869443 0.112593
7.808393 0.113372
7.747763 0.114156
7.687550 0.114946
7.627752 0.115741
7.568366 0.116542
7.509388 0.117348
7.450816 0.118159
7.392647 0.118977
7.334879 0.119799
7.277508 0.120628
7.220533 0.121462
7.163949 0.122302
7.107755 0.123148
7.051948 0.123999
6.996524 0.124856
6.941483 0.125720
6.886820 0.126589
6.832533 0.127464
6.778620 0.128345
6.725079 0.129232
6.671905 0.130125
6.619098 0.131025
6.566654 0.131930
6.514571 0.132842
6.462847 0.133760
6.411479 0.134684
6.360464 0.135614
6.309801 0.136551
6.259486 0.137495
6.209517 0.138444
6.159893 0.139401
6.110610 0.140363
6.061666 0.141333
6.013059 0.142309
5.964787 0.143291
5.916847 0.144281
5.869237 0.145277
5.821954 0.146280
5.774998 0.147290
5.728364 0.148306
5.682051 0.149330
5.636057 0.150360
5.590380 0.151398
5.545017 0.152443
5.499966 0.153494
5.455226 0.154553
5.410793 0.155619
5.366666 0.156693
5.322843 0.157773
5.279322 0.158861
5.236100 0.159957
5.193176 0.161059
5.150547 0.162170
5.108211 0.163287
5.066167 0.164413
5.024413 0.165546
4.982945 0.166686
4.941764 0.167835
4.900865 0.168991
4.860248 0.170155
4.819911 0.171327
4.779852 0.172506
4.740068 0.173694
4.700558 0.174890
4.661320 0.176094
4.622352 0.177306
4.583652 0.178526
4.545218 0.179754
4.507050 0.180990
4.469143 0.182235
4.431498 0.183488
4.394112 0.184750
4.356983 0.186020
4.320110 0.187299
4.283491 0.188586
4.247123 0.189882
4.211006 0.191186
4.175138 0.192499
4.139516 0.193821
4.104140 0.195152
4.069007 0.196492
4.034116 0.197840
3.999465 0.199198
3.965053 0.200564
3.930878 0.201940
3.896937 0.203325
3.863231 0.204719
3.829756 0.206122
3.796512 0.207534
3.763497 0.208956
3.730709 0.210387
3.698146 0.211828
3.665808 0.213278
3.633692 0.214738
3.601798 0.216208
3.570122 0.217687
3.538665 0.219175
3.507425 0.220674
3.476399 0.222182
3.445587 0.223700
3.414987 0.225228
3.384598 0.226767
3.354418 0.228315
3.324446 0.229873
3.294680 0.231441
3.265119 0.233020
3.235761 0.234609
3.206605 0.236208
3.177650 0.237817
3.148895 0.239437
3.120337 0.241067
3.091976 0.242708
3.063810 0.244359
3.035838 0.246021
3.008059 0.247694
2.980470 0.249377
2.953072 0.251071
2.925862 0.252776
2.898840 0.254492
2.872003 0.256218
2.845351 0.257956
2.818883 0.259704
2.792597 0.261464
2.766492 0.263234
2.740566 0.265016
2.714819 0.266809
2.689249 0.268613
2.663855 0.270429
2.638636 0.272256
2.613591 0.274094
2.588718 0.275944
2.564016 0.277805
2.539484 0.279678
2.515121 0.281562
2.490926 0.283458
2.466897 0.285365
2.443034 0.287284
2.419335 0.289215
2.395799 0.291157
2.372425 0.293112
2.349212 0.295078
2.326158 0.297056
2.303264 0.299046
2.280527 0.301048
2.257946 0.303062
2.235521 0.305088
2.213250 0.307126
2.191133 0.309176
2.169168 0.311238
2.147354 0.313313
2.125690 0.315399
2.104175 0.317498
2.082808 0.319609
2.061589 0.321732
2.040515 0.323868
2.019587 0.326015
1.998802 0.328176
1.978161 0.330348
1.957662 0.332533
1.937304 0.334730
1.917085 0.336940
1.897007 0.339162
1.877066 0.341396
1.857263 0.343643
1.837595 0.345902
1.818064 0.348174
1.798666 0.350458
1.779403 0.352755
1.760271 0.355064
1.741272 0.357386
1.722403 0.359720
1.703664 0.362067
1.685054 0.364426
1.666573 0.366798
1.648218 0.369182
1.629990 0.371578
1.611887 0.373987
1.593909 0.376409
1.576055 0.378842
1.558323 0.381289
1.540714 0.383747
1.523225 0.386218
1.505858 0.388701
1.488609 0.391197
1.471480 0.393704
1.454468 0.396224
1.437573 0.398757
1.420795 0.401301
1.404132 0.403858
1.387584 0.406426
1.371150 0.409007
1.354829 0.411599
1.338620 0.414204
1.322523 0.416820
1.306536 0.419448
1.290660 0.422088
1.274893 0.424740
1.259234 0.427403
1.243684 0.430078
1.228240 0.432765
1.212902 0.435462
1.197671 0.438172
1.182544 0.440892
1.167521 0.443624
1.152601 0.446366
1.137784 0.449120
1.123070 0.451884
1.108456 0.454660
1.093943 0.457446
1.079530 0.460243
1.065216 0.463050
1.051001 0.465867
1.036884 0.468695
1.022863 0.471533
1.008940 0.474381
0.995112 0.477239
0.981379 0.480107
0.967741 0.482984
0.954196 0.485871
0.940745 0.488767
0.927387 0.491672
0.914120 0.494587
0.900945 0.497510
0.887860 0.500442
0.874866 0.503383
0.861961 0.506332
0.849144 0.509290
0.836416 0.512256
0.823776 0.515229
0.811222 0.518211
0.798755 0.521200
0.786374 0.524196
0.774078 0.527200
0.761867 0.530210
0.749740 0.533228
0.737696 0.536252
0.725735 0.539282
0.713856 0.542319
0.702060 0.545362
0.690344 0.548411
0.678709 0.551465
0.667154 0.554525
0.655679 0.557590
0.644282 0.560660
0.632964 0.563735
0.621724 0.566814
0.610562 0.569897
0.599476 0.572985
0.588466 0.576076
0.577533 0.579171
0.566674 0.582269
0.555890 0.585371
0.545181 0.588475
0.534545 0.591582
0.523983 0.594691
0.513493 0.597802
0.503075 0.600915
0.492729 0.604030
0.482454 0.607146
0.472250 0.610263
0.462116 0.613381
0.452052 0.616500
0.442058 0.619619
0.432132 0.622737
0.422274 0.625856
0.412484 0.628974
0.402762 0.632091
0.393106 0.635208
0.383517 0.638323
0.373994 0.641436
0.364537 0.644547
0.355144 0.647657
0.345817 0.650764
0.336553 0.653868
0.327353 0.656970
0.318217 0.660068
0.309143 0.663162
0.300132 0.666253
0.291183 0.669340
0.282296 0.672423
0.273469 0.675501
0.264704 0.678574
0.255999 0.681642
0.247353 0.684705
0.238768 0.687762
0.230241 0.690813
0.221773 0.693858
0.213363 0.696897
0.205011 0.699929
0.196717 0.702954
0.188480 0.705972
0.180299 0.708983
0.172175 0.711985
0.164107 0.714980
0.156094 0.717967
0.148136 0.720945
0.140233 0.723915
0.132385 0.726875
0.124591 0.729827
0.116850 0.732769
0.109162 0.735702
0.101528 0.738624
0.093946 0.741537
0.086416 0.744440
0.078938 0.747332
0.071511 0.750213
0.064136 0.753083
0.056811 0.755943
0.049537 0.758790
0.042313 0.761627
0.035138 0.764452
0.028013 0.767264
0.020937 0.770065
0.013910 0.772854
0.006931 0.775630
0.000000 0.778393
