2.515121 0.994635
2.490926 0.994552
2.466897 0.994467
2.443034 0.994382
2.419335 0.994295
2.395799 0.994207
2.372425 0.994119
2.349212 0.994029
2.326158 0.993938
2.303264 0.993845
2.280527 0.993752
2.257946 0.993658
2.235521 0.993562
2.213250 0.993465
2.191133 0.993367
2.169168 0.993268
2.147354 0.993168
2.125690 0.993067
2.104175 0.992964
2.082808 0.992860
2.061589 0.992756
2.040515 0.992649
2.019587 0.992542
1.998802 0.992434
1.978161 0.992324
1.957662 0.992213
1.937304 0.992101
1.917085 0.991988
1.897007 0.991873
1.877066 0.991758
1.857263 0.991641
1.837595 0.991523
1.818064 0.991403
1.798666 0.991283
1.779403 0.991161
1.760271 0.991038
1.741272 0.990914
1.722403 0.990789
1.703664 0.990663
1.685054 0.990535
1.666573 0.990406
1.648218 0.990276
1.629990 0.990145
1.611887 0.990012
1.593909 0.989879
1.576055 0.989744
1.558323 0.989608
1.540714 0.989471
1.523225 0.989333
1.505858 0.989194
1.488609 0.989053
1.471480 0.988912
1.454468 0.988769
1.437573 0.988625
1.420795 0.988481
1.404132 0.988335
1.387584 0.988188
1.371150 0.988040
1.354829 0.987891
1.338620 0.987741
1.322523 0.987590
1.306536 0.987438
1.290660 0.987285
1.274893 0.987131
1.259234 0.986976
1.243684 0.986821
1.228240 0.986664
1.212902 0.986507
1.197671 0.986348
1.182544 0.986189
1.167521 0.986029
1.152601 0.985869
1.137784 0.985707
1.123070 0.985545
1.108456 0.985382
1.093943 0.985219
1.079530 0.985054
1.065216 0.984890
1.051001 0.984724
1.036884 0.984558
1.022863 0.984392
1.008940 0.984225
0.995112 0.984058
0.981379 0.983890
0.967741 0.983722
0.954196 0.983553
0.940745 0.983384
0.927387 0.983215
0.914120 0.983045
0.900945 0.982876
0.887860 0.982706
0.874866 0.982536
0.861961 0.982366
0.849144 0.982195
0.836416 0.982025
0.823776 0.981855
0.811222 0.981685
0.798755 0.981515
0.786374 0.981345
0.774078 0.981175
0.761867 0.981006
0.749740 0.980836
0.737696 0.980668
0.725735 0.980499
0.713856 0.980331
0.702060 0.980163
0.690344 0.979996
0.678709 0.979829
0.667154 0.979663
0.655679 0.979498
0.644282 0.979333
0.632964 0.979169
0.621724 0.979006
0.610562 0.978843
0.599476 0.978682
0.588466 0.978521
0.577533 0.978361
0.566674 0.978203
0.555890 0.978045
0.545181 0.977889
0.534545 0.977733
0.523983 0.977579
0.513493 0.977426
0.503075 0.977275
0.492729 0.977124
0.482454 0.976976
0.472250 0.976828
0.462116 0.976682
0.452052 0.976538
0.442058 0.976395
0.432132 0.976254
0.422274 0.976114
0.412484 0.975976
0.402762 0.975840
0.393106 0.975706
0.383517 0.975573
0.373994 0.975443
0.364537 0.975314
0.355144 0.975187
0.345817 0.975063
0.336553 0.974940
0.327353 0.974819
0.318217 0.974701
0.309143 0.974585
0.300132 0.974470
0.291183 0.974358
0.282296 0.974249
0.273469 0.974141
0.264704 0.974036
0.255999 0.973933
0.247353 0.973833
0.238768 0.973735
0.230241 0.973639
0.221773 0.973546
0.213363 0.973456
0.205011 0.973368
0.196717 0.973282
0.188480 0.973199
0.180299 0.973119
0.172175 0.973041
0.164107 0.972966
0.156094 0.972893
0.148136 0.972823
0.140233 0.972756
0.132385 0.97269
0.124591 0.972629
0.116850 0.972570
0.109162 0.972514
0.101528 0.972460
0.093946 0.972409
0.086416 0.972361
0.078938 0.972315
0.071511 0.972272
0.064136 0.972232
0.056811 0.972195
0.049537 0.972160
0.042313 0.972129
0.035138 0.972100
0.028013 0.972073
0.020937 0.972050
0.013910 0.972029
0.006931 0.972011
0.000000 0.971996
