2.515121 1.003753
2.490926 1.003815
2.466897 1.003877
2.443034 1.003941
2.419335 1.004005
2.395799 1.004071
2.372425 1.004137
2.349212 1.004205
2.326158 1.004273
2.303264 1.004342
2.280527 1.004412
2.257946 1.004484
2.235521 1.004556
2.213250 1.004629
2.191133 1.004703
2.169168 1.004778
2.147354 1.004855
2.125690 1.004932
2.104175 1.005011
2.082808 1.005090
2.061589 1.005170
2.040515 1.005252
2.019587 1.005335
1.998802 1.005419
1.978161 1.005504
1.957662 1.005590
1.937304 1.005677
1.917085 1.005765
1.897007 1.005854
1.877066 1.005945
1.857263 1.006036
1.837595 1.006129
1.818064 1.006223
1.798666 1.006318
1.779403 1.006415
1.760271 1.006512
1.741272 1.006611
1.722403 1.006711
1.703664 1.006812
1.685054 1.006914
1.666573 1.007017
1.648218 1.007122
1.629990 1.007228
1.611887 1.007335
1.593909 1.007443
1.576055 1.007553
1.558323 1.007663
1.540714 1.007775
1.523225 1.007888
1.505858 1.008003
1.488609 1.008118
1.471480 1.008235
1.454468 1.008353
1.437573 1.008472
1.420795 1.008592
1.404132 1.008714
1.387584 1.008836
1.371150 1.008960
1.354829 1.009085
1.338620 1.009212
1.322523 1.009339
1.306536 1.009468
1.290660 1.009597
1.274893 1.009728
1.259234 1.009860
1.243684 1.009993
1.228240 1.010127
1.212902 1.010263
1.197671 1.010399
1.182544 1.010536
1.167521 1.010675
1.152601 1.010815
1.137784 1.010955
1.123070 1.011097
1.108456 1.011239
1.093943 1.011383
1.079530 1.011527
1.065216 1.011673
1.051001 1.011819
1.036884 1.011966
1.022863 1.012114
1.008940 1.012263
0.995112 1.012413
0.981379 1.012563
0.967741 1.012714
0.954196 1.012866
0.940745 1.013019
0.927387 1.013172
0.914120 1.013326
0.900945 1.013480
0.887860 1.013636
0.874866 1.013791
0.861961 1.013947
0.849144 1.014104
0.836416 1.014261
0.823776 1.014418
0.811222 1.014576
0.798755 1.014734
0.786374 1.014892
0.774078 1.015051
0.761867 1.015209
0.749740 1.015368
0.737696 1.015527
0.725735 1.015686
0.713856 1.015845
0.702060 1.016004
0.690344 1.016162
0.678709 1.016321
0.667154 1.016480
0.655679 1.016638
0.644282 1.016796
0.632964 1.016953
0.621724 1.017110
0.610562 1.017267
0.599476 1.017423
0.588466 1.017579
0.577533 1.017734
0.566674 1.017888
0.555890 1.018042
0.545181 1.018195
0.534545 1.018347
0.523983 1.018498
0.513493 1.018648
0.503075 1.018798
0.492729 1.018946
0.482454 1.019093
0.472250 1.019239
0.462116 1.019384
0.452052 1.019527
0.442058 1.019669
0.432132 1.019810
0.422274 1.019949
0.412484 1.020087
0.402762 1.020224
0.393106 1.020358
0.383517 1.020491
0.373994 1.020623
0.364537 1.020753
0.355144 1.020880
0.345817 1.021006
0.336553 1.021130
0.327353 1.021253
0.318217 1.021373
0.309143 1.021491
0.300132 1.021607
0.291183 1.021721
0.282296 1.021832
0.273469 1.021942
0.264704 1.022049
0.255999 1.022154
0.247353 1.022256
0.238768 1.022356
0.230241 1.022454
0.221773 1.022549
0.213363 1.022642
0.205011 1.022732
0.196717 1.022820
0.188480 1.022905
0.180299 1.022988
0.172175 1.023067
0.164107 1.023145
0.156094 1.023219
0.148136 1.023291
0.140233 1.023360
0.132385 1.023426
0.124591 1.023489
0.116850 1.023550
0.109162 1.023607
0.101528 1.023662
0.093946 1.023714
0.086416 1.023764
0.078938 1.023810
0.071511 1.023853
0.064136 1.023894
0.056811 1.023932
0.049537 1.023966
0.042313 1.023998
0.035138 1.024027
0.028013 1.024053
0.020937 1.024077
0.013910 1.024097
0.006931 1.024114
0.000000 1.024129
