2.515121 0.993607
2.490926 0.993520
2.466897 0.993431
2.443034 0.993341
2.419335 0.993251
2.395799 0.993159
2.372425 0.993066
2.349212 0.992972
2.326158 0.992877
2.303264 0.992781
2.280527 0.992684
2.257946 0.992586
2.235521 0.992487
2.213250 0.992386
2.191133 0.992285
2.169168 0.992182
2.147354 0.992079
2.125690 0.991974
2.104175 0.991868
2.082808 0.991761
2.061589 0.991652
2.040515 0.991543
2.019587 0.991433
1.998802 0.991321
1.978161 0.991208
1.957662 0.991094
1.937304 0.990979
1.917085 0.990863
1.897007 0.990746
1.877066 0.990627
1.857263 0.990507
1.837595 0.990387
1.818064 0.990265
1.798666 0.990142
1.779403 0.990017
1.760271 0.989892
1.741272 0.989765
1.722403 0.989638
1.703664 0.989509
1.685054 0.989379
1.666573 0.989247
1.648218 0.989115
1.629990 0.988982
1.611887 0.988847
1.593909 0.988712
1.576055 0.988575
1.558323 0.988437
1.540714 0.988298
1.523225 0.988158
1.505858 0.988017
1.488609 0.987875
1.471480 0.987731
1.454468 0.987587
1.437573 0.987442
1.420795 0.987295
1.404132 0.987148
1.387584 0.986999
1.371150 0.986850
1.354829 0.986699
1.338620 0.986548
1.322523 0.986396
1.306536 0.986242
1.290660 0.986088
1.274893 0.985933
1.259234 0.985777
1.243684 0.985620
1.228240 0.985463
1.212902 0.985304
1.197671 0.985145
1.182544 0.984985
1.167521 0.984824
1.152601 0.984662
1.137784 0.984500
1.123070 0.984337
1.108456 0.984173
1.093943 0.984009
1.079530 0.983844
1.065216 0.983678
1.051001 0.983512
1.036884 0.983346
1.022863 0.983178
1.008940 0.983011
0.995112 0.982843
0.981379 0.982674
0.967741 0.982506
0.954196 0.982337
0.940745 0.982167
0.927387 0.981997
0.914120 0.981828
0.900945 0.981657
0.887860 0.981487
0.874866 0.981317
0.861961 0.981146
0.849144 0.980976
0.836416 0.980805
0.823776 0.980635
0.811222 0.980464
0.798755 0.980294
0.786374 0.980124
0.774078 0.979954
0.761867 0.979784
0.749740 0.979615
0.737696 0.979446
0.725735 0.979277
0.713856 0.979108
0.702060 0.978941
0.690344 0.978773
0.678709 0.978606
0.667154 0.978440
0.655679 0.978275
0.644282 0.978110
0.632964 0.977946
0.621724 0.977782
0.610562 0.977620
0.599476 0.977458
0.588466 0.977297
0.577533 0.977138
0.566674 0.976979
0.555890 0.976821
0.545181 0.976665
0.534545 0.976509
0.523983 0.976355
0.513493 0.976202
0.503075 0.976051
0.492729 0.975900
0.482454 0.975751
0.472250 0.975604
0.462116 0.975458
0.452052 0.975314
0.442058 0.975171
0.432132 0.975030
0.422274 0.974890
0.412484 0.974752
0.402762 0.974616
0.393106 0.974482
0.383517 0.974349
0.373994 0.974219
0.364537 0.974090
0.355144 0.973963
0.345817 0.973839
0.336553 0.973716
0.327353 0.973595
0.318217 0.973477
0.309143 0.973360
0.300132 0.973246
0.291183 0.973134
0.282296 0.973025
0.273469 0.972917
0.264704 0.972812
0.255999 0.972709
0.247353 0.972609
0.238768 0.972511
0.230241 0.972415
0.221773 0.972322
0.213363 0.972232
0.205011 0.972143
0.196717 0.972058
0.188480 0.971975
0.180299 0.971894
0.172175 0.971817
0.164107 0.971741
0.156094 0.971669
0.148136 0.971599
0.140233 0.971531
0.132385 0.971467
0.124591 0.971405
0.116850 0.971346
0.109162 0.971289
0.101528 0.971235
0.093946 0.971184
0.086416 0.971136
0.078938 0.971091
0.071511 0.971048
0.064136 0.971008
0.056811 0.970970
0.049537 0.970936
0.042313 0.970904
0.035138 0.970875
0.028013 0.970849
0.020937 0.970825
0.013910 0.970804
0.006931 0.970786
0.000000 0.970771
