2.515121 1.003437
2.490926 1.003497
2.466897 1.003557
2.443034 1.003619
2.419335 1.003681
2.395799 1.003745
2.372425 1.003809
2.349212 1.003874
2.326158 1.003941
2.303264 1.004008
2.280527 1.004076
2.257946 1.004145
2.235521 1.004215
2.213250 1.004287
2.191133 1.004359
2.169168 1.004432
2.147354 1.004507
2.125690 1.004582
2.104175 1.004659
2.082808 1.004736
2.061589 1.004815
2.040515 1.004895
2.019587 1.004976
1.998802 1.005058
1.978161 1.005141
1.957662 1.005225
1.937304 1.005310
1.917085 1.005397
1.897007 1.005485
1.877066 1.005573
1.857263 1.005663
1.837595 1.005755
1.818064 1.005847
1.798666 1.005940
1.779403 1.006035
1.760271 1.006131
1.741272 1.006228
1.722403 1.006327
1.703664 1.006426
1.685054 1.006527
1.666573 1.006629
1.648218 1.006732
1.629990 1.006836
1.611887 1.006942
1.593909 1.007049
1.576055 1.007157
1.558323 1.007266
1.540714 1.007377
1.523225 1.007489
1.505858 1.007602
1.488609 1.007716
1.471480 1.007832
1.454468 1.007948
1.437573 1.008066
1.420795 1.008185
1.404132 1.008306
1.387584 1.008427
1.371150 1.008550
1.354829 1.008674
1.338620 1.008799
1.322523 1.008926
1.306536 1.009053
1.290660 1.009182
1.274893 1.009312
1.259234 1.009443
1.243684 1.009575
1.228240 1.009708
1.212902 1.009843
1.197671 1.009978
1.182544 1.010115
1.167521 1.010253
1.152601 1.010391
1.137784 1.010531
1.123070 1.010672
1.108456 1.010814
1.093943 1.010957
1.079530 1.011100
1.065216 1.011245
1.051001 1.011391
1.036884 1.011537
1.022863 1.011685
1.008940 1.011833
0.995112 1.011982
0.981379 1.012132
0.967741 1.012283
0.954196 1.012434
0.940745 1.012586
0.927387 1.012739
0.914120 1.012892
0.900945 1.013046
0.887860 1.013201
0.874866 1.013356
0.861961 1.013512
0.849144 1.013668
0.836416 1.013824
0.823776 1.013981
0.811222 1.014139
0.798755 1.014296
0.786374 1.014454
0.774078 1.014612
0.761867 1.014771
0.749740 1.014929
0.737696 1.015088
0.725735 1.015246
0.713856 1.015405
0.702060 1.015563
0.690344 1.015722
0.678709 1.015880
0.667154 1.016038
0.655679 1.016196
0.644282 1.016354
0.632964 1.016511
0.621724 1.016668
0.610562 1.016825
0.599476 1.016981
0.588466 1.017136
0.577533 1.017291
0.566674 1.017445
0.555890 1.017598
0.545181 1.017751
0.534545 1.017903
0.523983 1.018054
0.513493 1.018204
0.503075 1.018353
0.492729 1.018501
0.482454 1.018648
0.472250 1.018794
0.462116 1.018938
0.452052 1.019082
0.442058 1.019224
0.432132 1.019364
0.422274 1.019503
0.412484 1.019641
0.402762 1.019777
0.393106 1.019912
0.383517 1.020045
0.373994 1.020176
0.364537 1.020306
0.355144 1.020433
0.345817 1.020559
0.336553 1.020683
0.327353 1.020805
0.318217 1.020925
0.309143 1.021043
0.300132 1.021159
0.291183 1.021273
0.282296 1.021384
0.273469 1.021494
0.264704 1.021601
0.255999 1.021705
0.247353 1.021808
0.238768 1.021908
0.230241 1.022005
0.221773 1.022101
0.213363 1.022193
0.205011 1.022283
0.196717 1.022371
0.188480 1.022456
0.180299 1.022538
0.172175 1.022618
0.164107 1.022695
0.156094 1.022769
0.148136 1.022841
0.140233 1.022910
0.132385 1.022976
0.124591 1.023039
0.116850 1.023100
0.109162 1.023157
0.101528 1.023212
0.093946 1.023264
0.086416 1.023313
0.078938 1.023360
0.071511 1.023403
0.064136 1.023444
0.056811 1.023481
0.049537 1.023516
0.042313 1.023548
0.035138 1.023577
0.028013 1.023603
0.020937 1.023626
0.013910 1.023646
0.006931 1.023663
0.000000 1.023678