0.000000 1.000000
0.010000 0.999500
0.020000 0.998001
0.030000 0.995503
0.040000 0.992011
0.050000 0.987526
0.060000 0.982054
0.070000 0.975600
0.080000 0.968170
0.090000 0.959773
0.100000 0.950415
0.110000 0.940108
0.120000 0.928860
0.130000 0.916683
0.140000 0.903590
0.150000 0.889594
0.160000 0.874707
0.170000 0.858947
0.180000 0.842327
0.190000 0.824865
0.200000 0.806578
0.210000 0.787485
0.220000 0.767605
0.230000 0.746956
0.240000 0.725561
0.250000 0.703441
0.260000 0.680617
0.270000 0.657112
0.280000 0.632951
0.290000 0.608156
0.300000 0.582754
0.310000 0.556768
0.320000 0.530226
0.330000 0.503154
0.340000 0.475579
0.350000 0.447528
0.360000 0.419030
0.370000 0.390112
0.380000 0.360805
0.390000 0.331137
0.400000 0.301137
0.410000 0.270837
0.420000 0.240266
0.430000 0.209454
0.440000 0.178433
0.450000 0.147234
0.460000 0.115888
0.470000 0.084425
0.480000 0.052878
0.490000 0.021279
0.500000 -0.010342
0.510000 -0.041953
0.520000 -0.073522
0.530000 -0.105017
0.540000 -0.136407
0.550000 -0.167661
0.560000 -0.198747
0.570000 -0.229634
0.580000 -0.260292
0.590000 -0.290690
0.600000 -0.320796
0.610000 -0.350583
0.620000 -0.380018
0.630000 -0.409074
0.640000 -0.437720
0.650000 -0.465929
0.660000 -0.493672
0.670000 -0.520921
0.680000 -0.547650
0.690000 -0.573830
0.700000 -0.599437
0.710000 -0.624445
0.720000 -0.648828
0.730000 -0.672563
0.740000 -0.695625
0.750000 -0.717991
0.760000 -0.739640
0.770000 -0.760548
0.780000 -0.780697
0.790000 -0.800065
0.800000 -0.818632
0.810000 -0.836382
0.820000 -0.853295
0.830000 -0.869354
0.840000 -0.884545
0.850000 -0.898851
0.860000 -0.912258
0.870000 -0.924753
0.880000 -0.936323
0.890000 -0.946957
0.900000 -0.956644
0.910000 -0.965375
0.920000 -0.973140
0.930000 -0.979932
0.940000 -0.985745
0.950000 -0.990572
0.960000 -0.994408
0.970000 -0.997250
0.980000 -0.999094
0.990000 -0.999940
1.000000 -0.999786
1.010000 -0.998632
1.020000 -0.996480
1.030000 -0.993331
1.040000 -0.989189
1.050000 -0.984058
1.060000 -0.977943
1.070000 -0.970850
1.080000 -0.962786
1.090000 -0.953760
1.100000 -0.943780
1.110000 -0.932856
1.120000 -0.920999
1.130000 -0.908222
1.140000 -0.894536
1.150000 -0.879956
1.160000 -0.864496
1.170000 -0.848172
1.180000 -0.830999
1.190000 -0.812996
1.200000 -0.794179
1.210000 -0.774569
1.220000 -0.754184
1.230000 -0.733045
1.240000 -0.711173
1.250000 -0.688589
1.260000 -0.665318
1.270000 -0.641381
1.280000 -0.616802
1.290000 -0.591607
1.300000 -0.565821
1.310000 -0.539468
1.320000 -0.512576
1.330000 -0.485172
1.340000 -0.457282
1.350000 -0.428936
1.360000 -0.400160
1.370000 -0.370984
1.380000 -0.341437
1.390000 -0.311549
1.400000 -0.281350
1.410000 -0.250869
1.420000 -0.220137
1.430000 -0.189185
1.440000 -0.158044
1.450000 -0.126745
1.460000 -0.095319
1.470000 -0.063798
1.480000 -0.032213
1.490000 -0.000595
1.500000 0.031022
1.510000 0.062609
1.520000 0.094133
1.530000 0.125563
1.540000 0.156868
1.550000 0.188016
1.560000 0.218975
1.570000 0.249716
1.580000 0.280207
1.590000 0.310418
1.600000 0.340318
1.610000 0.369878
1.620000 0.399069
1.630000 0.427860
1.640000 0.456223
1.650000 0.484130
1.660000 0.511554
1.670000 0.538465
1.680000 0.564838
1.690000 0.590647
1.700000 0.615865
1.710000 0.640467
1.720000 0.664428
1.730000 0.687725
1.740000 0.710335
1.750000 0.732234
1.760000 0.753401
1.770000 0.773815
1.780000 0.793455
1.790000 0.812302
1.800000 0.830336
1.810000 0.847540
1.820000 0.863897
1.830000 0.879390
1.840000 0.894003
1.850000 0.907723
1.860000 0.920535
1.870000 0.932426
1.880000 0.943385
1.890000 0.953401
1.900000 0.962464
1.910000 0.970564
1.920000 0.977694
1.930000 0.983846
1.940000 0.989014
1.950000 0.993193
1.960000 0.996379
1.970000 0.998569
1.980000 0.999761
1.990000 0.999952
2.000000 0.999144
2.010000 0.997337
2.020000 0.994533
2.030000 0.990734
2.040000 0.985944
2.050000 0.980169
2.060000 0.973414
2.070000 0.965685
2.080000 0.956990
2.090000 0.947339
2.100000 0.936740
2.110000 0.925205
2.120000 0.912745
2.130000 0.899372
2.140000 0.885099
2.150000 0.869942
2.160000 0.853915
2.170000 0.837034
2.180000 0.819316
2.190000 0.800778
2.200000 0.781440
2.210000 0.761321
2.220000 0.740440
2.230000 0.718819
2.240000 0.696480
2.250000 0.673443
2.260000 0.649734
2.270000 0.625375
2.280000 0.600390
2.290000 0.574805
2.300000 0.548645
2.310000 0.521937
2.320000 0.494707
2.330000 0.466982
2.340000 0.438790
2.350000 0.410160
2.360000 0.381119
2.370000 0.351697
2.380000 0.321924
2.390000 0.291829
2.400000 0.261441
2.410000 0.230793
2.420000 0.199914
2.430000 0.168834
2.440000 0.137586
2.450000 0.106201
2.460000 0.074709
2.470000 0.043142
2.480000 0.011533
2.490000 -0.020088
2.500000 -0.051689
2.510000 -0.083239
2.520000 -0.114705
2.530000 -0.146056
2.540000 -0.177262
2.550000 -0.208290
2.560000 -0.239110
2.570000 -0.269691
2.580000 -0.300002
2.590000 -0.330013
2.600000 -0.359694
2.610000 -0.389016
2.620000 -0.417948
2.630000 -0.446463
2.640000 -0.474531
2.650000 -0.502125
2.660000 -0.529216
2.670000 -0.555779
2.680000 -0.581786
2.690000 -0.607211
2.700000 -0.632028
2.710000 -0.656214
2.720000 -0.679744
2.730000 -0.702594
2.740000 -0.724741
2.750000 -0.746164
2.760000 -0.766841
2.770000 -0.786751
2.780000 -0.805874
2.790000 -0.824191
2.800000 -0.841685
2.810000 -0.858336
2.820000 -0.874130
2.830000 -0.889049
2.840000 -0.903080
2.850000 -0.916207
2.860000 -0.928418
2.870000 -0.939701
2.880000 -0.950044
2.890000 -0.959438
2.900000 -0.967872
2.910000 -0.975338
2.920000 -0.981829
2.930000 -0.987338
2.940000 -0.991860
2.950000 -0.995390
2.960000 -0.997925
2.970000 -0.999462
2.980000 -0.999999
2.990000 -0.999537
3.000000 -0.998075
3.010000 -0.995615
3.020000 -0.992160
3.030000 -0.987713
3.040000 -0.982278
3.050000 -0.975861
3.060000 -0.968468
3.070000 -0.960106
3.080000 -0.950785
3.090000 -0.940513
3.100000 -0.929300
3.110000 -0.917158
3.120000 -0.904100
3.130000 -0.890137
3.140000 -0.875284
3.150000 -0.859556
3.160000 -0.842968
3.170000 -0.825538
3.180000 -0.807282
3.190000 -0.788218
3.200000 -0.768367
3.210000 -0.747747
3.220000 -0.726380
3.230000 -0.704286
3.240000 -0.681489
3.250000 -0.658009
3.260000 -0.633872
3.270000 -0.609101
3.280000 -0.583721
3.290000 -0.557757
3.300000 -0.531235
3.310000 -0.504183
3.320000 -0.476626
3.330000 -0.448592
3.340000 -0.420110
3.350000 -0.391208
3.360000 -0.361915
3.370000 -0.332260
3.380000 -0.302273
3.390000 -0.271983
3.400000 -0.241421
3.410000 -0.210618
3.420000 -0.179605
3.430000 -0.148412
3.440000 -0.117070
3.450000 -0.085612
3.460000 -0.054067
3.470000 -0.022469
3.480000 0.009152
3.490000 0.040763
3.500000 0.072334
3.510000 0.103833
3.520000 0.135227
3.530000 0.166487
3.540000 0.197580
3.550000 0.228475
3.560000 0.259142
3.570000 0.289550
3.580000 0.319669
3.590000 0.349467
3.600000 0.378916
3.610000 0.407987
3.620000 0.436649
3.630000 0.464875
3.640000 0.492636
3.650000 0.519904
3.660000 0.546653
3.670000 0.572855
3.680000 0.598484
3.690000 0.623515
3.700000 0.647922
3.710000 0.671681
3.720000 0.694769
3.730000 0.717162
3.740000 0.738838
3.750000 0.759775
3.760000 0.779952
3.770000 0.799350
3.780000 0.817948
3.790000 0.835728
3.800000 0.852673
3.810000 0.868765
3.820000 0.883989
3.830000 0.898328
3.840000 0.911769
3.850000 0.924299
3.860000 0.935904
3.870000 0.946574
3.880000 0.956297
3.890000 0.965064
3.900000 0.972865
3.910000 0.979694
3.920000 0.985544
3.930000 0.990408
3.940000 0.994281
3.950000 0.997161
3.960000 0.999043
3.970000 0.999926
3.980000 0.999810
3.990000 0.998694
4.000000 0.996579
4.010000 0.993468
4.020000 0.989363
4.030000 0.984269
4.040000 0.978191
4.050000 0.971135
4.060000 0.963107
4.070000 0.954117
4.080000 0.944173
4.090000 0.933284
4.100000 0.921463
4.110000 0.908719
4.120000 0.895068
4.130000 0.880521
4.140000 0.865094
4.150000 0.848802
4.160000 0.831661
4.170000 0.813688
4.180000 0.794902
4.190000 0.775321
4.200000 0.754965
4.210000 0.733854
4.220000 0.712009
4.230000 0.689452
4.240000 0.666206
4.250000 0.642294
4.260000 0.617739
4.270000 0.592567
4.280000 0.566802
4.290000 0.540470
4.300000 0.513598
4.310000 0.486213
4.320000 0.458341
4.330000 0.430011
4.340000 0.401251
4.350000 0.372090
4.360000 0.342556
4.370000 0.312680
4.380000 0.282492
4.390000 0.252021
4.400000 0.221298
4.410000 0.190354
4.420000 0.159219
4.430000 0.127926
4.440000 0.096504
4.450000 0.064986
4.460000 0.033402
4.470000 0.001786
4.480000 -0.029832
4.490000 -0.061421
4.500000 -0.092948
4.510000 -0.124382
4.520000 -0.155692
4.530000 -0.186846
4.540000 -0.217813
4.550000 -0.248563
4.560000 -0.279064
4.570000 -0.309286
4.580000 -0.339198
4.590000 -0.368772
4.600000 -0.397977
4.610000 -0.426783
4.620000 -0.455163
4.630000 -0.483088
4.640000 -0.510530
4.650000 -0.537462
4.660000 -0.563856
4.670000 -0.589686
4.680000 -0.614926
4.690000 -0.639552
4.700000 -0.663538
4.710000 -0.686861
4.720000 -0.709497
4.730000 -0.731423
4.740000 -0.752618
4.750000 -0.773060
4.760000 -0.792730
4.770000 -0.811607
4.780000 -0.829672
4.790000 -0.846908
4.800000 -0.863297
4.810000 -0.878822
4.820000 -0.893469
4.830000 -0.907223
4.840000 -0.920069
4.850000 -0.931995
4.860000 -0.942990
4.870000 -0.953041
4.880000 -0.962140
4.890000 -0.970276
4.900000 -0.977443
4.910000 -0.983632
4.920000 -0.988837
4.930000 -0.993054
4.940000 -0.996277
4.950000 -0.998505
4.960000 -0.999734
4.970000 -0.999963
4.980000 -0.999193
4.990000 -0.997423
5.000000 -0.994656
5.010000 -0.990895
5.020000 -0.986143
5.030000 -0.980404
5.040000 -0.973686
5.050000 -0.965993
5.060000 -0.957335
5.070000 -0.947720
5.080000 -0.937156
5.090000 -0.925656
5.100000 -0.913231
5.110000 -0.899892
5.120000 -0.885653
5.130000 -0.870529
5.140000 -0.854534
5.150000 -0.837685
5.160000 -0.819998
5.170000 -0.801491
5.180000 -0.782183
5.190000 -0.762092
5.200000 -0.741240
5.210000 -0.719647
5.220000 -0.697333
5.230000 -0.674323
5.240000 -0.650638
5.250000 -0.626303
5.260000 -0.601342
5.270000 -0.575779
5.280000 -0.549640
5.290000 -0.522952
5.300000 -0.495741
5.310000 -0.468035
5.320000 -0.439860
5.330000 -0.411245
5.340000 -0.382220
5.350000 -0.352812
5.360000 -0.323051
5.370000 -0.292967
5.380000 -0.262590
5.390000 -0.231951
5.400000 -0.201080
5.410000 -0.170008
5.420000 -0.138766
5.430000 -0.107385
5.440000 -0.075896
5.450000 -0.044332
5.460000 -0.012723
5.470000 0.018898
5.480000 0.050500
5.490000 0.082052
5.500000 0.113522
5.510000 0.144878
5.520000 0.176090
5.530000 0.207125
5.540000 0.237954
5.550000 0.268544
5.560000 0.298866
5.570000 0.328889
5.580000 0.358583
5.590000 0.387919
5.600000 0.416866
5.610000 0.445397
5.620000 0.473483
5.630000 0.501095
5.640000 0.528206
5.650000 0.554789
5.660000 0.580817
5.670000 0.606264
5.680000 0.631105
5.690000 0.655315
5.700000 0.678870
5.710000 0.701746
5.720000 0.723921
5.730000 0.745371
5.740000 0.766076
5.750000 0.786015
5.760000 0.805169
5.770000 0.823517
5.780000 0.841041
5.790000 0.857725
5.800000 0.873551
5.810000 0.888503
5.820000 0.902568
5.830000 0.915729
5.840000 0.927975
5.850000 0.939293
5.860000 0.949672
5.870000 0.959101
5.880000 0.967572
5.890000 0.975074
5.900000 0.981602
5.910000 0.987148
5.920000 0.991707
5.930000 0.995275
5.940000 0.997847
5.950000 0.999422
5.960000 0.999997
5.970000 0.999572
5.980000 0.998148
5.990000 0.995726
6.000000 0.992308
6.010000 0.987898
6.020000 0.982500
6.030000 0.976120
6.040000 0.968764
6.050000 0.960439
6.060000 0.951153
6.070000 0.940917
6.080000 0.929739
6.090000 0.917632
6.100000 0.904608
6.110000 0.890679
6.120000 0.875859
6.130000 0.860164
6.140000 0.843608
6.150000 0.826209
6.160000 0.807984
6.170000 0.788951
6.180000 0.769129
6.190000 0.748537
6.200000 0.727198
6.210000 0.705131
6.220000 0.682359
6.230000 0.658905
6.240000 0.634792
6.250000 0.610045
6.260000 0.584687
6.270000 0.558745
6.280000 0.532244
6.290000 0.505211
6.300000 0.477672
6.310000 0.449656
6.320000 0.421191
6.330000 0.392304
6.340000 0.363025
6.350000 0.333383
6.360000 0.303407
6.370000 0.273129
6.380000 0.242577
6.390000 0.211782
6.400000 0.180776
6.410000 0.149589
6.420000 0.118252
6.430000 0.086798
6.440000 0.055256
6.450000 0.023659
6.460000 -0.007961
6.470000 -0.039574
6.480000 -0.071147
6.490000 -0.102648
6.500000 -0.134048
6.510000 -0.165313
6.520000 -0.196413
6.530000 -0.227316
6.540000 -0.257992
6.550000 -0.288410
6.560000 -0.318540
6.570000 -0.348351
6.580000 -0.377814
6.590000 -0.406900
6.600000 -0.435578
6.610000 -0.463821
6.620000 -0.491600
6.630000 -0.518887
6.640000 -0.545656
6.650000 -0.571879
6.660000 -0.597530
6.670000 -0.622583
6.680000 -0.647014
6.690000 -0.670799
6.700000 -0.693912
6.710000 -0.716332
6.720000 -0.738035
6.730000 -0.759000
6.740000 -0.779207
6.750000 -0.798634
6.760000 -0.817263
6.770000 -0.835074
6.780000 -0.852050
6.790000 -0.868175
6.800000 -0.883431
6.810000 -0.897804
6.820000 -0.911280
6.830000 -0.923844
6.840000 -0.935484
6.850000 -0.946189
6.860000 -0.955948
6.870000 -0.964751
6.880000 -0.972589
6.890000 -0.979455
6.900000 -0.985341
6.910000 -0.990242
6.920000 -0.994153
6.930000 -0.997070
6.940000 -0.998990
6.950000 -0.999911
6.960000 -0.999832
6.970000 -0.998754
6.980000 -0.996677
6.990000 -0.993603
7.000000 -0.989536
7.010000 -0.984479
7.020000 -0.978438
7.030000 -0.971418
7.040000 -0.963427
7.050000 -0.954473
7.060000 -0.944564
7.070000 -0.933711
7.080000 -0.921924
7.090000 -0.909216
7.100000 -0.895598
7.110000 -0.881085
7.120000 -0.865691
7.130000 -0.849431
7.140000 -0.832321
7.150000 -0.814380
7.160000 -0.795624
7.170000 -0.776073
7.180000 -0.755745
7.190000 -0.734662
7.200000 -0.712845
7.210000 -0.690314
7.220000 -0.667093
7.230000 -0.643206
7.240000 -0.618675
7.250000 -0.593525
7.260000 -0.567782
7.270000 -0.541472
7.280000 -0.514619
7.290000 -0.487253
7.300000 -0.459399
7.310000 -0.431085
7.320000 -0.402341
7.330000 -0.373194
7.340000 -0.343675
7.350000 -0.313811
7.360000 -0.283634
7.370000 -0.253173
7.380000 -0.222459
7.390000 -0.191523
7.400000 -0.160395
7.410000 -0.129106
7.420000 -0.097689
7.430000 -0.066174
7.440000 -0.034592
7.450000 -0.002977
7.460000 0.028642
7.470000 0.060233
7.480000 0.091763
7.490000 0.123201
7.500000 0.154516
7.510000 0.185676
7.520000 0.216651
7.530000 0.247409
7.540000 0.277920
7.550000 0.308153
7.560000 0.338078
7.570000 0.367665
7.580000 0.396884
7.590000 0.425706
7.600000 0.454103
7.610000 0.482046
7.620000 0.509506
7.630000 0.536457
7.640000 0.562872
7.650000 0.588724
7.660000 0.613987
7.670000 0.638636
7.680000 0.662647
7.690000 0.685995
7.700000 0.708657
7.710000 0.730611
7.720000 0.751833
7.730000 0.772305
7.740000 0.792004
7.750000 0.810911
7.760000 0.829007
7.770000 0.846274
7.780000 0.862695
7.790000 0.878254
7.800000 0.892934
7.810000 0.906721
7.820000 0.919602
7.830000 0.931563
7.840000 0.942593
7.850000 0.952680
7.860000 0.961815
7.870000 0.969988
7.880000 0.977191
7.890000 0.983416
7.900000 0.988659
7.910000 0.992913
7.920000 0.996174
7.930000 0.998439
7.940000 0.999706
7.950000 0.999973
7.960000 0.999240
7.970000 0.997508
7.980000 0.994779
7.990000 0.991055
8.000000 0.986339
8.010000 0.980638
8.020000 0.973956
8.030000 0.966300
8.040000 0.957678
8.050000 0.948099
8.060000 0.937571
8.070000 0.926106
8.080000 0.913715
8.090000 0.900410
8.100000 0.886205
8.110000 0.871114
8.120000 0.855152
8.130000 0.838334
8.140000 0.820679
8.150000 0.802202
8.160000 0.782924
8.170000 0.762863
8.180000 0.742039
8.190000 0.720473
8.200000 0.698186
8.210000 0.675202
8.220000 0.651542
8.230000 0.627231
8.240000 0.602293
8.250000 0.576752
8.260000 0.550635
8.270000 0.523967
8.280000 0.496775
8.290000 0.469086
8.300000 0.440929
8.310000 0.412330
8.320000 0.383319
8.330000 0.353925
8.340000 0.324177
8.350000 0.294105
8.360000 0.263739
8.370000 0.233109
8.380000 0.202246
8.390000 0.171181
8.400000 0.139945
8.410000 0.108568
8.420000 0.077083
8.430000 0.045521
8.440000 0.013914
8.450000 -0.017708
8.460000 -0.049311
8.470000 -0.080866
8.480000 -0.112339
8.490000 -0.143700
8.500000 -0.174918
8.510000 -0.205960
8.520000 -0.236797
8.530000 -0.267397
8.540000 -0.297730
8.550000 -0.327764
8.560000 -0.357471
8.570000 -0.386821
8.580000 -0.415784
8.590000 -0.444331
8.600000 -0.472434
8.610000 -0.500064
8.620000 -0.527195
8.630000 -0.553798
8.640000 -0.579847
8.650000 -0.605317
8.660000 -0.630181
8.670000 -0.654416
8.680000 -0.677996
8.690000 -0.700898
8.700000 -0.723099
8.710000 -0.744577
8.720000 -0.765310
8.730000 -0.785279
8.740000 -0.804462
8.750000 -0.822841
8.760000 -0.840397
8.770000 -0.857112
8.780000 -0.872971
8.790000 -0.887956
8.800000 -0.902054
8.810000 -0.915250
8.820000 -0.927531
8.830000 -0.938884
8.840000 -0.949298
8.850000 -0.958764
8.860000 -0.967270
8.870000 -0.974809
8.880000 -0.981374
8.890000 -0.986957
8.900000 -0.991554
8.910000 -0.995159
8.920000 -0.997769
8.930000 -0.999381
8.940000 -0.999994
8.950000 -0.999607
8.960000 -0.998220
8.970000 -0.995835
8.980000 -0.992455
8.990000 -0.988082
9.000000 -0.982721
9.010000 -0.976378
9.020000 -0.969058
9.030000 -0.960769
9.040000 -0.951520
9.050000 -0.941319
9.060000 -0.930177
9.070000 -0.918105
9.080000 -0.905115
9.090000 -0.891219
9.100000 -0.876433
9.110000 -0.860770
9.120000 -0.844247
9.130000 -0.826879
9.140000 -0.808685
9.150000 -0.789682
9.160000 -0.769889
9.170000 -0.749326
9.180000 -0.728015
9.190000 -0.705975
9.200000 -0.683229
9.210000 -0.659800
9.220000 -0.635712
9.230000 -0.610988
9.240000 -0.585653
9.250000 -0.559732
9.260000 -0.533251
9.270000 -0.506238
9.280000 -0.478718
9.290000 -0.450719
9.300000 -0.422270
9.310000 -0.393399
9.320000 -0.364134
9.330000 -0.334505
9.340000 -0.304542
9.350000 -0.274274
9.360000 -0.243732
9.370000 -0.212946
9.380000 -0.181947
9.390000 -0.150766
9.400000 -0.119435
9.410000 -0.087984
9.420000 -0.056445
9.430000 -0.024850
9.440000 0.006771
9.450000 0.038384
9.460000 0.069959
9.470000 0.101464
9.480000 0.132868
9.490000 0.164138
9.500000 0.195245
9.510000 0.226156
9.520000 0.256842
9.530000 0.287270
9.540000 0.317411
9.550000 0.347235
9.560000 0.376712
9.570000 0.405812
9.580000 0.434506
9.590000 0.462765
9.600000 0.490562
9.610000 0.517869
9.620000 0.544657
9.630000 0.570901
9.640000 0.596575
9.650000 0.621651
9.660000 0.646106
9.670000 0.669915
9.680000 0.693054
9.690000 0.715500
9.700000 0.737231
9.710000 0.758225
9.720000 0.778460
9.730000 0.797917
9.740000 0.816576
9.750000 0.834418
9.760000 0.851427
9.770000 0.867584
9.780000 0.882873
9.790000 0.897279
9.800000 0.910789
9.810000 0.923387
9.820000 0.935063
9.830000 0.945803
9.840000 0.955598
9.850000 0.964437
9.860000 0.972312
9.870000 0.979214
9.880000 0.985138
9.890000 0.990076
9.900000 0.994024
9.910000 0.996979
9.920000 0.998936
9.930000 0.999895
9.940000 0.999854
9.950000 0.998813
9.960000 0.996773
9.970000 0.993737
9.980000 0.989707
9.990000 0.984687
10.000000 0.978683
